-31684 -53051 3 5
10860 32026 -1 -3
42712 42663 -4 -4
-52978 -10507 5 1
42704 42656 -4 -4
-42368 -31781 4 3
53391 -53049 -5 5
-31694 -42409 3 4
-52970 21388 5 -2
-10433 -21140 1 2
-53002 -53044 5 5
-42363 21390 4 -2
-42355 -42411 4 4
-10409 -21143 1 2
-10418 -42410 1 4
-31714 -31783 3 3
-52962 -21149 5 2
-31675 42660 3 -4
10802 32028 -1 -3
-52944 -31778 5 3
-42317 -10511 4 1
42744 -42413 -4 4
-21092 32023 2 -3
32114 -42417 -3 4
-52985 -21149 5 2
-42339 10762 4 -1
-21100 -31779 2 3
53386 -21140 -5 2
-21084 -31776 2 3
42752 53297 -4 -5
-52982 -21149 5 2
-52998 -53051 5 5
53373 21387 -5 -2
21495 -42412 -2 4
-42320 10762 4 -1
42720 -42417 -4 4
-21100 42658 2 -4
10839 10761 -1 -1
-10422 -10511 1 1
32071 10753 -3 -1
-21075 42664 2 -4
-52986 -53051 5 5
32130 21394 -3 -2
-52950 -42408 5 4
-52994 -21149 5 2
-42360 21387 4 -2
42706 10753 -4 -1
-52968 -53051 5 5
-31721 53298 3 -5
-42339 -42408 4 4
-52978 -53051 5 5
-42328 10762 4 -1
53351 10759 -5 -1
32111 -21149 -3 2
32123 -31781 -3 3
32094 -10515 -3 1
10838 -10515 -1 1
10858 -42417 -1 4
-21050 21396 2 -2
-10458 53291 1 -5
-21099 21387 2 -2
10845 -42408 -1 4
-31686 -31783 3 3
-31702 21395 3 -2
10842 10756 -1 -1
-10461 -10512 1 1
-52949 32030 5 -3
32087 -53047 -3 5
42746 -31779 -4 3
10831 21388 -1 -2
-53002 53291 5 -5
21476 -42413 -2 4
-52989 -31779 5 3
10810 -10515 -1 1
-42341 -42417 4 4
-10461 32024 1 -3
21464 42658 -2 -4
21436 42659 -2 -4
-21084 -10509 2 1
53394 21388 -5 -2
-52994 42658 5 -4
21477 -21145 -2 2
-10406 53295 1 -5
53351 -42412 -5 4
-42336 32028 4 -3
-21060 21394 2 -2
21436 21395 -2 -2
53391 -42408 -5 4
-52992 -31779 5 3
42712 -31778 -4 3
53378 -53049 -5 5
-42351 53289 4 -5
-42352 10757 4 -1
10853 10753 -1 -1
-31726 32030 3 -3
10850 42663 -1 -4
53351 -42408 -5 4
10827 -42411 -1 4
-21095 32022 2 -3
-21083 32025 2 -3
42712 -10509 -4 1
-10447 -21149 1 2
21444 -31777 -2 3
53396 -31779 -5 3
-31686 -21140 3 2
-42312 53297 4 -5
-31678 42655 3 -4
-31700 -42408 3 4
21436 32024 -2 -3
21436 42655 -2 -4
42712 53293 -4 -5
-52942 42658 5 -4
-21076 10761 2 -1
53388 -10515 -5 1
-10462 -31779 1 3
-52970 21393 5 -2
53356 -53047 -5 5
-31694 -42417 3 4
32096 -21149 -3 2
-52975 53298 5 -5
32081 21391 -3 -2
42736 -21148 -4 2
-31702 10757 3 -1
21481 -42417 -2 4
-21057 53289 2 -5
-52986 53293 5 -5
10815 10755 -1 -1
-42341 -10515 4 1
21452 21395 -2 -2
53346 -10511 -5 1
10810 21389 -1 -2
-10410 -53050 1 5
-10464 42655 1 -4
32096 -21149 -3 2
-52986 -31781 5 3
42736 42658 -4 -4
-42355 -53050 4 5
-10458 42664 1 -4
53389 -21140 -5 2
42720 53290 -4 -5
53366 32024 -5 -3
21436 21396 -2 -2
-31725 -53047 3 5
21449 -10514 -2 1
32121 -10515 -3 1
53365 -42413 -5 4
-52960 42664 5 -4
10842 10758 -1 -1
-42320 -31775 4 3
10821 -21149 -1 2
42765 -10507 -4 1
53394 32029 -5 -3
-42360 10759 4 -1
-21096 21387 2 -2
10859 -53049 -1 5
-21044 -53050 2 5
-10434 -53049 1 5
-10434 -21147 1 2
21461 32021 -2 -3
42733 -10515 -4 1
10858 -53043 -1 5
-42324 32021 4 -3
10835 21396 -1 -2
21468 -31778 -2 3
10815 42660 -1 -4
-21057 10757 2 -1
-42334 -42408 4 4
21464 -21146 -2 2
-53002 10760 5 -1
-31706 -10515 3 1
53391 -53051 -5 5
21476 -42410 -2 4
10855 -42415 -1 4
-42319 -42408 4 4
-42360 32024 4 -3
10847 53298 -1 -5
42763 -42413 -4 4
42712 -31776 -4 3
42708 21391 -4 -2
32083 42655 -3 -4
53398 53295 -5 -5
21452 -31782 -2 3
-10466 -31782 1 3
10861 -10510 -1 1
-10461 53291 1 -5
-10418 -53051 1 5
21476 10757 -2 -1
32086 -53043 -3 5
-31705 42655 3 -4
-42335 -21140 4 2
-42360 -53046 4 5
10845 42664 -1 -4
-42308 10759 4 -1
21487 -53051 -2 5
42764 42658 -4 -4
-52989 -21146 5 2
53351 -21142 -5 2
21436 -42411 -2 4
-42360 -31782 4 3
-42365 21391 4 -2
-31684 53298 3 -5
10838 -10506 -1 1
21444 -31778 -2 3
-42368 53291 4 -5
10802 42661 -1 -4
-42344 -42410 4 4
-31689 10753 3 -1
53399 32022 -5 -3
21462 21387 -2 -2
-53002 -31780 5 3
10829 21396 -1 -2
32104 21396 -3 -2
32120 -42408 -3 4
-10458 -31780 1 3
-21100 21393 2 -2
42765 -42409 -4 4
21465 -42408 -2 4
-10462 21387 1 -2
-31684 -10510 3 1
10802 -21145 -1 2
53399 32030 -5 -3
-21060 42657 2 -4
-52986 -31781 5 3
42705 32025 -4 -3
-31677 -10513 3 1
-52962 -42409 5 4
53367 21389 -5 -2
10863 53289 -1 -5
32110 -53045 -3 5
-10458 -31774 1 3
21494 -31778 -2 3
-52958 42664 5 -4
-21087 -21141 2 2
-10450 32024 1 -3
32098 -21140 -3 2
-52941 -53043 5 5
-42328 53294 4 -5
53378 -21148 -5 2
32128 42659 -3 -4
-42342 42664 4 -4
-10422 -31779 1 3
-31702 42662 3 -4
21449 32023 -2 -3
10862 10755 -1 -1
53340 -53047 -5 5
21439 -10511 -2 1
53387 32027 -5 -3
-31707 -42408 3 4
42736 21392 -4 -2
-31690 -10515 3 1
-21048 -53051 2 5
10818 32021 -1 -3
32103 10753 -3 -1
21492 53289 -2 -5
32086 21395 -3 -2
-21082 -10511 2 1
-42315 -21140 4 2
-31724 -10511 3 1
10826 32028 -1 -3
-52990 10757 5 -1
42757 53290 -4 -5
-42307 42656 4 -4
-10449 -53051 1 5
-10466 10758 1 -1
-31708 -10510 3 1
-42363 -21147 4 2
53365 -31779 -5 3
32070 42660 -3 -4
21493 -10512 -2 1
21455 -42413 -2 4
-21065 21396 2 -2
10810 21394 -1 -2
53351 -10510 -5 1
21488 -42414 -2 4
42764 53296 -4 -5
42725 -42417 -4 4
53366 42655 -5 -4
32082 42659 -3 -4
53354 10757 -5 -1
32086 21396 -3 -2
-52994 32025 5 -3
-42319 -31774 4 3
-42360 32028 4 -3
-42368 -21144 4 2
21493 -42410 -2 4
-31700 10753 3 -1
42729 -10506 -4 1
21468 -21142 -2 2
32131 -31774 -3 3
32102 10758 -3 -1
32126 -42408 -3 4
-31682 -31780 3 3
21452 32022 -2 -3
-42335 -42417 4 4
-10409 32027 1 -3
53382 -10511 -5 1
-21059 -21140 2 2
-31684 -21144 3 2
-31709 -10515 3 1
32119 -53051 -3 5
21449 21393 -2 -2
10826 32030 -1 -3
-21074 -42408 2 4
10814 53293 -1 -5
-42352 10759 4 -1
10822 -10515 -1 1
32110 -31780 -3 3
-10450 -53045 1 5
32115 21387 -3 -2
42723 42659 -4 -4
-52989 -21149 5 2
42720 21392 -4 -2
-31716 -10515 3 1
-21075 10762 2 -1
-52953 21393 5 -2
-52997 -31782 5 3
-21075 53295 2 -5
42707 42655 -4 -4
-52986 21389 5 -2
-10437 -10515 1 1
-52961 -10506 5 1
-21040 10755 2 -1
21493 42657 -2 -4
-31685 -53042 3 5
10844 -53051 -1 5
53378 -42411 -5 4
-31731 -21149 3 2
-52989 10757 5 -1
21468 -42414 -2 4
-31694 32022 3 -3
-10425 -53047 1 5
10839 10754 -1 -1
-31721 53297 3 -5
21456 53293 -2 -5
