Running input
instruction reg set to: 3
eqrr 10551343 == 10551343
[1 10551343 1 12 10551344 2 ]
[1 10551343 1 12 10551344 3 ]
[1 10551343 1 12 10551344 4 ]
[1 10551343 1 12 10551344 5 ]
[1 10551343 1 12 10551344 6 ]
[1 10551343 1 12 10551344 7 ]
[1 10551343 1 12 10551344 8 ]
[1 10551343 1 12 10551344 9 ]
[1 10551343 1 12 10551344 10 ]
[1 10551343 1 12 10551344 11 ]
eqrr 10551343 == 10551343
[12 10551343 1 12 10551344 12 ]
[24420 10551343 1 12 10551344 10551320 ]
[24420 10551343 1 12 10551344 10551321 ]
[24420 10551343 1 12 10551344 10551322 ]
[24420 10551343 1 12 10551344 10551323 ]
[24420 10551343 1 12 10551344 10551324 ]
[24420 10551343 1 12 10551344 10551325 ]
[24420 10551343 1 12 10551344 10551326 ]
[24420 10551343 1 12 10551344 10551327 ]
[24420 10551343 1 12 10551344 10551328 ]
[24420 10551343 1 12 10551344 10551329 ]
[24420 10551343 1 12 10551344 10551330 ]
[24420 10551343 1 12 10551344 10551331 ]
[24420 10551343 1 12 10551344 10551332 ]
[24420 10551343 1 12 10551344 10551333 ]
[24420 10551343 1 12 10551344 10551334 ]
[24420 10551343 1 12 10551344 10551335 ]
[24420 10551343 1 12 10551344 10551336 ]
[24420 10551343 1 12 10551344 10551337 ]
[24420 10551343 1 12 10551344 10551338 ]
[24420 10551343 1 12 10551344 10551339 ]
[24420 10551343 1 12 10551344 10551340 ]
[24420 10551343 1 12 10551344 10551341 ]
[24420 10551343 1 12 10551344 10551342 ]
[24420 10551343 1 12 10551344 10551343 ]
eqrr 10551343 == 10551343
[10575763 10551343 1 12 10551344 10551344 ]
[10575763 10551343 1 257 10551344 10551344 ]
