Running input
Starting threads: 1
seti 123 0 4
[15823996 0 0 0 123 0 ]
bani 4 456 4
[15823996 1 0 0 72 0 ]
eqri 4 72 4
[15823996 2 0 0 1 0 ]
addr 4 1 1
[15823996 4 0 0 1 0 ]
seti 0 8 4
[15823996 5 0 0 0 0 ]
bori 4 65536 3
[15823996 6 0 65536 0 0 ]
seti 16098955 8 4
[15823996 7 0 65536 16098955 0 ]
bani 3 255 5
[15823996 8 0 65536 16098955 0 ]
addr 4 5 4
[15823996 9 0 65536 16098955 0 ]
bani 4 16777215 4
[15823996 10 0 65536 16098955 0 ]
muli 4 65899 4
[15823996 11 0 65536 1060905035545 0 ]
bani 4 16777215 4
[15823996 12 0 65536 14559001 0 ]
gtir 256 3 5
[15823996 13 0 65536 14559001 0 ]
addr 5 1 1
[15823996 14 0 65536 14559001 0 ]
addi 1 1 1
[15823996 16 0 65536 14559001 0 ]
seti 0 7 5
[15823996 17 0 65536 14559001 0 ]
addi 5 1 2
[15823996 18 1 65536 14559001 0 ]
muli 2 256 2
[15823996 19 256 65536 14559001 0 ]
gtrr 2 3 2
[15823996 20 0 65536 14559001 0 ]
addr 2 1 1
[15823996 21 0 65536 14559001 0 ]
addi 1 1 1
[15823996 23 0 65536 14559001 0 ]
addi 5 1 5
[15823996 24 0 65536 14559001 1 ]
seti 17 6 1
[15823996 17 0 65536 14559001 1 ]
addi 5 1 2
[15823996 18 2 65536 14559001 1 ]
muli 2 256 2
[15823996 19 512 65536 14559001 1 ]
gtrr 2 3 2
[15823996 20 0 65536 14559001 1 ]
addr 2 1 1
[15823996 21 0 65536 14559001 1 ]
addi 1 1 1
[15823996 23 0 65536 14559001 1 ]
addi 5 1 5
[15823996 24 0 65536 14559001 2 ]
seti 17 6 1
[15823996 17 0 65536 14559001 2 ]
addi 5 1 2
[15823996 18 3 65536 14559001 2 ]
muli 2 256 2
[15823996 19 768 65536 14559001 2 ]
gtrr 2 3 2
[15823996 20 0 65536 14559001 2 ]
addr 2 1 1
[15823996 21 0 65536 14559001 2 ]
addi 1 1 1
[15823996 23 0 65536 14559001 2 ]
addi 5 1 5
[15823996 24 0 65536 14559001 3 ]
seti 17 6 1
[15823996 17 0 65536 14559001 3 ]
addi 5 1 2
[15823996 18 4 65536 14559001 3 ]
muli 2 256 2
[15823996 19 1024 65536 14559001 3 ]
gtrr 2 3 2
[15823996 20 0 65536 14559001 3 ]
addr 2 1 1
[15823996 21 0 65536 14559001 3 ]
addi 1 1 1
[15823996 23 0 65536 14559001 3 ]
addi 5 1 5
[15823996 24 0 65536 14559001 4 ]
seti 17 6 1
[15823996 17 0 65536 14559001 4 ]
addi 5 1 2
[15823996 18 5 65536 14559001 4 ]
muli 2 256 2
[15823996 19 1280 65536 14559001 4 ]
gtrr 2 3 2
[15823996 20 0 65536 14559001 4 ]
addr 2 1 1
[15823996 21 0 65536 14559001 4 ]
addi 1 1 1
[15823996 23 0 65536 14559001 4 ]
addi 5 1 5
[15823996 24 0 65536 14559001 5 ]
seti 17 6 1
[15823996 17 0 65536 14559001 5 ]
addi 5 1 2
[15823996 18 6 65536 14559001 5 ]
muli 2 256 2
[15823996 19 1536 65536 14559001 5 ]
gtrr 2 3 2
[15823996 20 0 65536 14559001 5 ]
addr 2 1 1
[15823996 21 0 65536 14559001 5 ]
addi 1 1 1
[15823996 23 0 65536 14559001 5 ]
addi 5 1 5
[15823996 24 0 65536 14559001 6 ]
seti 17 6 1
[15823996 17 0 65536 14559001 6 ]
addi 5 1 2
[15823996 18 7 65536 14559001 6 ]
muli 2 256 2
[15823996 19 1792 65536 14559001 6 ]
gtrr 2 3 2
[15823996 20 0 65536 14559001 6 ]
addr 2 1 1
[15823996 21 0 65536 14559001 6 ]
addi 1 1 1
[15823996 23 0 65536 14559001 6 ]
addi 5 1 5
[15823996 24 0 65536 14559001 7 ]
seti 17 6 1
[15823996 17 0 65536 14559001 7 ]
addi 5 1 2
[15823996 18 8 65536 14559001 7 ]
muli 2 256 2
[15823996 19 2048 65536 14559001 7 ]
gtrr 2 3 2
[15823996 20 0 65536 14559001 7 ]
addr 2 1 1
[15823996 21 0 65536 14559001 7 ]
addi 1 1 1
[15823996 23 0 65536 14559001 7 ]
addi 5 1 5
[15823996 24 0 65536 14559001 8 ]
seti 17 6 1
[15823996 17 0 65536 14559001 8 ]
addi 5 1 2
[15823996 18 9 65536 14559001 8 ]
muli 2 256 2
[15823996 19 2304 65536 14559001 8 ]
gtrr 2 3 2
[15823996 20 0 65536 14559001 8 ]
addr 2 1 1
[15823996 21 0 65536 14559001 8 ]
addi 1 1 1
[15823996 23 0 65536 14559001 8 ]
addi 5 1 5
[15823996 24 0 65536 14559001 9 ]
seti 17 6 1
[15823996 17 0 65536 14559001 9 ]
addi 5 1 2
[15823996 18 10 65536 14559001 9 ]
muli 2 256 2
[15823996 19 2560 65536 14559001 9 ]
gtrr 2 3 2
[15823996 20 0 65536 14559001 9 ]
addr 2 1 1
[15823996 21 0 65536 14559001 9 ]
addi 1 1 1
[15823996 23 0 65536 14559001 9 ]
addi 5 1 5
[15823996 24 0 65536 14559001 10 ]
seti 17 6 1
[15823996 17 0 65536 14559001 10 ]
addi 5 1 2
[15823996 18 11 65536 14559001 10 ]
muli 2 256 2
[15823996 19 2816 65536 14559001 10 ]
gtrr 2 3 2
[15823996 20 0 65536 14559001 10 ]
addr 2 1 1
[15823996 21 0 65536 14559001 10 ]
addi 1 1 1
[15823996 23 0 65536 14559001 10 ]
addi 5 1 5
[15823996 24 0 65536 14559001 11 ]
seti 17 6 1
[15823996 17 0 65536 14559001 11 ]
addi 5 1 2
[15823996 18 12 65536 14559001 11 ]
muli 2 256 2
[15823996 19 3072 65536 14559001 11 ]
gtrr 2 3 2
[15823996 20 0 65536 14559001 11 ]
addr 2 1 1
[15823996 21 0 65536 14559001 11 ]
addi 1 1 1
[15823996 23 0 65536 14559001 11 ]
addi 5 1 5
[15823996 24 0 65536 14559001 12 ]
seti 17 6 1
[15823996 17 0 65536 14559001 12 ]
addi 5 1 2
[15823996 18 13 65536 14559001 12 ]
muli 2 256 2
[15823996 19 3328 65536 14559001 12 ]
gtrr 2 3 2
[15823996 20 0 65536 14559001 12 ]
addr 2 1 1
[15823996 21 0 65536 14559001 12 ]
addi 1 1 1
[15823996 23 0 65536 14559001 12 ]
addi 5 1 5
[15823996 24 0 65536 14559001 13 ]
seti 17 6 1
[15823996 17 0 65536 14559001 13 ]
addi 5 1 2
[15823996 18 14 65536 14559001 13 ]
muli 2 256 2
[15823996 19 3584 65536 14559001 13 ]
gtrr 2 3 2
[15823996 20 0 65536 14559001 13 ]
addr 2 1 1
[15823996 21 0 65536 14559001 13 ]
addi 1 1 1
[15823996 23 0 65536 14559001 13 ]
addi 5 1 5
[15823996 24 0 65536 14559001 14 ]
seti 17 6 1
[15823996 17 0 65536 14559001 14 ]
addi 5 1 2
[15823996 18 15 65536 14559001 14 ]
muli 2 256 2
[15823996 19 3840 65536 14559001 14 ]
gtrr 2 3 2
[15823996 20 0 65536 14559001 14 ]
addr 2 1 1
[15823996 21 0 65536 14559001 14 ]
addi 1 1 1
[15823996 23 0 65536 14559001 14 ]
addi 5 1 5
[15823996 24 0 65536 14559001 15 ]
seti 17 6 1
[15823996 17 0 65536 14559001 15 ]
addi 5 1 2
[15823996 18 16 65536 14559001 15 ]
muli 2 256 2
[15823996 19 4096 65536 14559001 15 ]
gtrr 2 3 2
[15823996 20 0 65536 14559001 15 ]
addr 2 1 1
[15823996 21 0 65536 14559001 15 ]
addi 1 1 1
[15823996 23 0 65536 14559001 15 ]
addi 5 1 5
[15823996 24 0 65536 14559001 16 ]
seti 17 6 1
[15823996 17 0 65536 14559001 16 ]
addi 5 1 2
[15823996 18 17 65536 14559001 16 ]
muli 2 256 2
[15823996 19 4352 65536 14559001 16 ]
gtrr 2 3 2
[15823996 20 0 65536 14559001 16 ]
addr 2 1 1
[15823996 21 0 65536 14559001 16 ]
addi 1 1 1
[15823996 23 0 65536 14559001 16 ]
addi 5 1 5
[15823996 24 0 65536 14559001 17 ]
seti 17 6 1
[15823996 17 0 65536 14559001 17 ]
addi 5 1 2
[15823996 18 18 65536 14559001 17 ]
muli 2 256 2
[15823996 19 4608 65536 14559001 17 ]
gtrr 2 3 2
[15823996 20 0 65536 14559001 17 ]
addr 2 1 1
[15823996 21 0 65536 14559001 17 ]
addi 1 1 1
[15823996 23 0 65536 14559001 17 ]
addi 5 1 5
[15823996 24 0 65536 14559001 18 ]
seti 17 6 1
[15823996 17 0 65536 14559001 18 ]
addi 5 1 2
[15823996 18 19 65536 14559001 18 ]
muli 2 256 2
[15823996 19 4864 65536 14559001 18 ]
gtrr 2 3 2
[15823996 20 0 65536 14559001 18 ]
addr 2 1 1
[15823996 21 0 65536 14559001 18 ]
addi 1 1 1
[15823996 23 0 65536 14559001 18 ]
addi 5 1 5
[15823996 24 0 65536 14559001 19 ]
seti 17 6 1
[15823996 17 0 65536 14559001 19 ]
addi 5 1 2
[15823996 18 20 65536 14559001 19 ]
muli 2 256 2
[15823996 19 5120 65536 14559001 19 ]
gtrr 2 3 2
[15823996 20 0 65536 14559001 19 ]
addr 2 1 1
[15823996 21 0 65536 14559001 19 ]
addi 1 1 1
[15823996 23 0 65536 14559001 19 ]
addi 5 1 5
[15823996 24 0 65536 14559001 20 ]
seti 17 6 1
[15823996 17 0 65536 14559001 20 ]
addi 5 1 2
[15823996 18 21 65536 14559001 20 ]
muli 2 256 2
[15823996 19 5376 65536 14559001 20 ]
gtrr 2 3 2
[15823996 20 0 65536 14559001 20 ]
addr 2 1 1
[15823996 21 0 65536 14559001 20 ]
addi 1 1 1
[15823996 23 0 65536 14559001 20 ]
addi 5 1 5
[15823996 24 0 65536 14559001 21 ]
seti 17 6 1
[15823996 17 0 65536 14559001 21 ]
addi 5 1 2
[15823996 18 22 65536 14559001 21 ]
muli 2 256 2
[15823996 19 5632 65536 14559001 21 ]
gtrr 2 3 2
[15823996 20 0 65536 14559001 21 ]
addr 2 1 1
[15823996 21 0 65536 14559001 21 ]
addi 1 1 1
[15823996 23 0 65536 14559001 21 ]
addi 5 1 5
[15823996 24 0 65536 14559001 22 ]
seti 17 6 1
[15823996 17 0 65536 14559001 22 ]
addi 5 1 2
[15823996 18 23 65536 14559001 22 ]
muli 2 256 2
[15823996 19 5888 65536 14559001 22 ]
gtrr 2 3 2
[15823996 20 0 65536 14559001 22 ]
addr 2 1 1
[15823996 21 0 65536 14559001 22 ]
addi 1 1 1
[15823996 23 0 65536 14559001 22 ]
addi 5 1 5
[15823996 24 0 65536 14559001 23 ]
seti 17 6 1
[15823996 17 0 65536 14559001 23 ]
addi 5 1 2
[15823996 18 24 65536 14559001 23 ]
muli 2 256 2
[15823996 19 6144 65536 14559001 23 ]
gtrr 2 3 2
[15823996 20 0 65536 14559001 23 ]
addr 2 1 1
[15823996 21 0 65536 14559001 23 ]
addi 1 1 1
[15823996 23 0 65536 14559001 23 ]
addi 5 1 5
[15823996 24 0 65536 14559001 24 ]
seti 17 6 1
[15823996 17 0 65536 14559001 24 ]
addi 5 1 2
[15823996 18 25 65536 14559001 24 ]
muli 2 256 2
[15823996 19 6400 65536 14559001 24 ]
gtrr 2 3 2
[15823996 20 0 65536 14559001 24 ]
addr 2 1 1
[15823996 21 0 65536 14559001 24 ]
addi 1 1 1
[15823996 23 0 65536 14559001 24 ]
addi 5 1 5
[15823996 24 0 65536 14559001 25 ]
seti 17 6 1
[15823996 17 0 65536 14559001 25 ]
addi 5 1 2
[15823996 18 26 65536 14559001 25 ]
muli 2 256 2
[15823996 19 6656 65536 14559001 25 ]
gtrr 2 3 2
[15823996 20 0 65536 14559001 25 ]
addr 2 1 1
[15823996 21 0 65536 14559001 25 ]
addi 1 1 1
[15823996 23 0 65536 14559001 25 ]
addi 5 1 5
[15823996 24 0 65536 14559001 26 ]
seti 17 6 1
[15823996 17 0 65536 14559001 26 ]
addi 5 1 2
[15823996 18 27 65536 14559001 26 ]
muli 2 256 2
[15823996 19 6912 65536 14559001 26 ]
gtrr 2 3 2
[15823996 20 0 65536 14559001 26 ]
addr 2 1 1
[15823996 21 0 65536 14559001 26 ]
addi 1 1 1
[15823996 23 0 65536 14559001 26 ]
addi 5 1 5
[15823996 24 0 65536 14559001 27 ]
seti 17 6 1
[15823996 17 0 65536 14559001 27 ]
addi 5 1 2
[15823996 18 28 65536 14559001 27 ]
muli 2 256 2
[15823996 19 7168 65536 14559001 27 ]
gtrr 2 3 2
[15823996 20 0 65536 14559001 27 ]
addr 2 1 1
[15823996 21 0 65536 14559001 27 ]
addi 1 1 1
[15823996 23 0 65536 14559001 27 ]
addi 5 1 5
[15823996 24 0 65536 14559001 28 ]
seti 17 6 1
[15823996 17 0 65536 14559001 28 ]
addi 5 1 2
[15823996 18 29 65536 14559001 28 ]
muli 2 256 2
[15823996 19 7424 65536 14559001 28 ]
gtrr 2 3 2
[15823996 20 0 65536 14559001 28 ]
addr 2 1 1
[15823996 21 0 65536 14559001 28 ]
addi 1 1 1
[15823996 23 0 65536 14559001 28 ]
addi 5 1 5
[15823996 24 0 65536 14559001 29 ]
seti 17 6 1
[15823996 17 0 65536 14559001 29 ]
addi 5 1 2
[15823996 18 30 65536 14559001 29 ]
muli 2 256 2
[15823996 19 7680 65536 14559001 29 ]
gtrr 2 3 2
[15823996 20 0 65536 14559001 29 ]
addr 2 1 1
[15823996 21 0 65536 14559001 29 ]
addi 1 1 1
[15823996 23 0 65536 14559001 29 ]
addi 5 1 5
[15823996 24 0 65536 14559001 30 ]
seti 17 6 1
[15823996 17 0 65536 14559001 30 ]
addi 5 1 2
[15823996 18 31 65536 14559001 30 ]
muli 2 256 2
[15823996 19 7936 65536 14559001 30 ]
gtrr 2 3 2
[15823996 20 0 65536 14559001 30 ]
addr 2 1 1
[15823996 21 0 65536 14559001 30 ]
addi 1 1 1
[15823996 23 0 65536 14559001 30 ]
addi 5 1 5
[15823996 24 0 65536 14559001 31 ]
seti 17 6 1
[15823996 17 0 65536 14559001 31 ]
addi 5 1 2
[15823996 18 32 65536 14559001 31 ]
muli 2 256 2
[15823996 19 8192 65536 14559001 31 ]
gtrr 2 3 2
[15823996 20 0 65536 14559001 31 ]
addr 2 1 1
[15823996 21 0 65536 14559001 31 ]
addi 1 1 1
[15823996 23 0 65536 14559001 31 ]
addi 5 1 5
[15823996 24 0 65536 14559001 32 ]
seti 17 6 1
[15823996 17 0 65536 14559001 32 ]
addi 5 1 2
[15823996 18 33 65536 14559001 32 ]
muli 2 256 2
[15823996 19 8448 65536 14559001 32 ]
gtrr 2 3 2
[15823996 20 0 65536 14559001 32 ]
addr 2 1 1
[15823996 21 0 65536 14559001 32 ]
addi 1 1 1
[15823996 23 0 65536 14559001 32 ]
addi 5 1 5
[15823996 24 0 65536 14559001 33 ]
seti 17 6 1
[15823996 17 0 65536 14559001 33 ]
addi 5 1 2
[15823996 18 34 65536 14559001 33 ]
muli 2 256 2
[15823996 19 8704 65536 14559001 33 ]
gtrr 2 3 2
[15823996 20 0 65536 14559001 33 ]
addr 2 1 1
[15823996 21 0 65536 14559001 33 ]
addi 1 1 1
[15823996 23 0 65536 14559001 33 ]
addi 5 1 5
[15823996 24 0 65536 14559001 34 ]
seti 17 6 1
[15823996 17 0 65536 14559001 34 ]
addi 5 1 2
[15823996 18 35 65536 14559001 34 ]
muli 2 256 2
[15823996 19 8960 65536 14559001 34 ]
gtrr 2 3 2
[15823996 20 0 65536 14559001 34 ]
addr 2 1 1
[15823996 21 0 65536 14559001 34 ]
addi 1 1 1
[15823996 23 0 65536 14559001 34 ]
addi 5 1 5
[15823996 24 0 65536 14559001 35 ]
seti 17 6 1
[15823996 17 0 65536 14559001 35 ]
addi 5 1 2
[15823996 18 36 65536 14559001 35 ]
muli 2 256 2
[15823996 19 9216 65536 14559001 35 ]
gtrr 2 3 2
[15823996 20 0 65536 14559001 35 ]
addr 2 1 1
[15823996 21 0 65536 14559001 35 ]
addi 1 1 1
[15823996 23 0 65536 14559001 35 ]
addi 5 1 5
[15823996 24 0 65536 14559001 36 ]
seti 17 6 1
[15823996 17 0 65536 14559001 36 ]
addi 5 1 2
[15823996 18 37 65536 14559001 36 ]
muli 2 256 2
[15823996 19 9472 65536 14559001 36 ]
gtrr 2 3 2
[15823996 20 0 65536 14559001 36 ]
addr 2 1 1
[15823996 21 0 65536 14559001 36 ]
addi 1 1 1
[15823996 23 0 65536 14559001 36 ]
addi 5 1 5
[15823996 24 0 65536 14559001 37 ]
seti 17 6 1
[15823996 17 0 65536 14559001 37 ]
addi 5 1 2
[15823996 18 38 65536 14559001 37 ]
muli 2 256 2
[15823996 19 9728 65536 14559001 37 ]
gtrr 2 3 2
[15823996 20 0 65536 14559001 37 ]
addr 2 1 1
[15823996 21 0 65536 14559001 37 ]
addi 1 1 1
[15823996 23 0 65536 14559001 37 ]
addi 5 1 5
[15823996 24 0 65536 14559001 38 ]
seti 17 6 1
[15823996 17 0 65536 14559001 38 ]
addi 5 1 2
[15823996 18 39 65536 14559001 38 ]
muli 2 256 2
[15823996 19 9984 65536 14559001 38 ]
gtrr 2 3 2
[15823996 20 0 65536 14559001 38 ]
addr 2 1 1
[15823996 21 0 65536 14559001 38 ]
addi 1 1 1
[15823996 23 0 65536 14559001 38 ]
addi 5 1 5
[15823996 24 0 65536 14559001 39 ]
seti 17 6 1
[15823996 17 0 65536 14559001 39 ]
addi 5 1 2
[15823996 18 40 65536 14559001 39 ]
muli 2 256 2
[15823996 19 10240 65536 14559001 39 ]
gtrr 2 3 2
[15823996 20 0 65536 14559001 39 ]
addr 2 1 1
[15823996 21 0 65536 14559001 39 ]
addi 1 1 1
[15823996 23 0 65536 14559001 39 ]
addi 5 1 5
[15823996 24 0 65536 14559001 40 ]
seti 17 6 1
[15823996 17 0 65536 14559001 40 ]
addi 5 1 2
[15823996 18 41 65536 14559001 40 ]
muli 2 256 2
[15823996 19 10496 65536 14559001 40 ]
gtrr 2 3 2
[15823996 20 0 65536 14559001 40 ]
addr 2 1 1
[15823996 21 0 65536 14559001 40 ]
addi 1 1 1
[15823996 23 0 65536 14559001 40 ]
addi 5 1 5
[15823996 24 0 65536 14559001 41 ]
seti 17 6 1
[15823996 17 0 65536 14559001 41 ]
addi 5 1 2
[15823996 18 42 65536 14559001 41 ]
muli 2 256 2
[15823996 19 10752 65536 14559001 41 ]
gtrr 2 3 2
[15823996 20 0 65536 14559001 41 ]
addr 2 1 1
[15823996 21 0 65536 14559001 41 ]
addi 1 1 1
[15823996 23 0 65536 14559001 41 ]
addi 5 1 5
[15823996 24 0 65536 14559001 42 ]
seti 17 6 1
[15823996 17 0 65536 14559001 42 ]
addi 5 1 2
[15823996 18 43 65536 14559001 42 ]
muli 2 256 2
[15823996 19 11008 65536 14559001 42 ]
gtrr 2 3 2
[15823996 20 0 65536 14559001 42 ]
addr 2 1 1
[15823996 21 0 65536 14559001 42 ]
addi 1 1 1
[15823996 23 0 65536 14559001 42 ]
addi 5 1 5
[15823996 24 0 65536 14559001 43 ]
seti 17 6 1
[15823996 17 0 65536 14559001 43 ]
addi 5 1 2
[15823996 18 44 65536 14559001 43 ]
muli 2 256 2
[15823996 19 11264 65536 14559001 43 ]
gtrr 2 3 2
[15823996 20 0 65536 14559001 43 ]
addr 2 1 1
[15823996 21 0 65536 14559001 43 ]
addi 1 1 1
[15823996 23 0 65536 14559001 43 ]
addi 5 1 5
[15823996 24 0 65536 14559001 44 ]
seti 17 6 1
[15823996 17 0 65536 14559001 44 ]
addi 5 1 2
[15823996 18 45 65536 14559001 44 ]
muli 2 256 2
[15823996 19 11520 65536 14559001 44 ]
gtrr 2 3 2
[15823996 20 0 65536 14559001 44 ]
addr 2 1 1
[15823996 21 0 65536 14559001 44 ]
addi 1 1 1
[15823996 23 0 65536 14559001 44 ]
addi 5 1 5
[15823996 24 0 65536 14559001 45 ]
seti 17 6 1
[15823996 17 0 65536 14559001 45 ]
addi 5 1 2
[15823996 18 46 65536 14559001 45 ]
muli 2 256 2
[15823996 19 11776 65536 14559001 45 ]
gtrr 2 3 2
[15823996 20 0 65536 14559001 45 ]
addr 2 1 1
[15823996 21 0 65536 14559001 45 ]
addi 1 1 1
[15823996 23 0 65536 14559001 45 ]
addi 5 1 5
[15823996 24 0 65536 14559001 46 ]
seti 17 6 1
[15823996 17 0 65536 14559001 46 ]
addi 5 1 2
[15823996 18 47 65536 14559001 46 ]
muli 2 256 2
[15823996 19 12032 65536 14559001 46 ]
gtrr 2 3 2
[15823996 20 0 65536 14559001 46 ]
addr 2 1 1
[15823996 21 0 65536 14559001 46 ]
addi 1 1 1
[15823996 23 0 65536 14559001 46 ]
addi 5 1 5
[15823996 24 0 65536 14559001 47 ]
seti 17 6 1
[15823996 17 0 65536 14559001 47 ]
addi 5 1 2
[15823996 18 48 65536 14559001 47 ]
muli 2 256 2
[15823996 19 12288 65536 14559001 47 ]
gtrr 2 3 2
[15823996 20 0 65536 14559001 47 ]
addr 2 1 1
[15823996 21 0 65536 14559001 47 ]
addi 1 1 1
[15823996 23 0 65536 14559001 47 ]
addi 5 1 5
[15823996 24 0 65536 14559001 48 ]
seti 17 6 1
[15823996 17 0 65536 14559001 48 ]
addi 5 1 2
[15823996 18 49 65536 14559001 48 ]
muli 2 256 2
[15823996 19 12544 65536 14559001 48 ]
gtrr 2 3 2
[15823996 20 0 65536 14559001 48 ]
addr 2 1 1
[15823996 21 0 65536 14559001 48 ]
addi 1 1 1
[15823996 23 0 65536 14559001 48 ]
addi 5 1 5
[15823996 24 0 65536 14559001 49 ]
seti 17 6 1
[15823996 17 0 65536 14559001 49 ]
addi 5 1 2
[15823996 18 50 65536 14559001 49 ]
muli 2 256 2
[15823996 19 12800 65536 14559001 49 ]
gtrr 2 3 2
[15823996 20 0 65536 14559001 49 ]
addr 2 1 1
[15823996 21 0 65536 14559001 49 ]
addi 1 1 1
[15823996 23 0 65536 14559001 49 ]
addi 5 1 5
[15823996 24 0 65536 14559001 50 ]
seti 17 6 1
[15823996 17 0 65536 14559001 50 ]
addi 5 1 2
[15823996 18 51 65536 14559001 50 ]
muli 2 256 2
[15823996 19 13056 65536 14559001 50 ]
gtrr 2 3 2
[15823996 20 0 65536 14559001 50 ]
addr 2 1 1
[15823996 21 0 65536 14559001 50 ]
addi 1 1 1
[15823996 23 0 65536 14559001 50 ]
addi 5 1 5
[15823996 24 0 65536 14559001 51 ]
seti 17 6 1
[15823996 17 0 65536 14559001 51 ]
addi 5 1 2
[15823996 18 52 65536 14559001 51 ]
muli 2 256 2
[15823996 19 13312 65536 14559001 51 ]
gtrr 2 3 2
[15823996 20 0 65536 14559001 51 ]
addr 2 1 1
[15823996 21 0 65536 14559001 51 ]
addi 1 1 1
[15823996 23 0 65536 14559001 51 ]
addi 5 1 5
[15823996 24 0 65536 14559001 52 ]
seti 17 6 1
[15823996 17 0 65536 14559001 52 ]
addi 5 1 2
[15823996 18 53 65536 14559001 52 ]
muli 2 256 2
[15823996 19 13568 65536 14559001 52 ]
gtrr 2 3 2
[15823996 20 0 65536 14559001 52 ]
addr 2 1 1
[15823996 21 0 65536 14559001 52 ]
addi 1 1 1
[15823996 23 0 65536 14559001 52 ]
addi 5 1 5
[15823996 24 0 65536 14559001 53 ]
seti 17 6 1
[15823996 17 0 65536 14559001 53 ]
addi 5 1 2
[15823996 18 54 65536 14559001 53 ]
muli 2 256 2
[15823996 19 13824 65536 14559001 53 ]
gtrr 2 3 2
[15823996 20 0 65536 14559001 53 ]
addr 2 1 1
[15823996 21 0 65536 14559001 53 ]
addi 1 1 1
[15823996 23 0 65536 14559001 53 ]
addi 5 1 5
[15823996 24 0 65536 14559001 54 ]
seti 17 6 1
[15823996 17 0 65536 14559001 54 ]
addi 5 1 2
[15823996 18 55 65536 14559001 54 ]
muli 2 256 2
[15823996 19 14080 65536 14559001 54 ]
gtrr 2 3 2
[15823996 20 0 65536 14559001 54 ]
addr 2 1 1
[15823996 21 0 65536 14559001 54 ]
addi 1 1 1
[15823996 23 0 65536 14559001 54 ]
addi 5 1 5
[15823996 24 0 65536 14559001 55 ]
seti 17 6 1
[15823996 17 0 65536 14559001 55 ]
addi 5 1 2
[15823996 18 56 65536 14559001 55 ]
muli 2 256 2
[15823996 19 14336 65536 14559001 55 ]
gtrr 2 3 2
[15823996 20 0 65536 14559001 55 ]
addr 2 1 1
[15823996 21 0 65536 14559001 55 ]
addi 1 1 1
[15823996 23 0 65536 14559001 55 ]
addi 5 1 5
[15823996 24 0 65536 14559001 56 ]
seti 17 6 1
[15823996 17 0 65536 14559001 56 ]
addi 5 1 2
[15823996 18 57 65536 14559001 56 ]
muli 2 256 2
[15823996 19 14592 65536 14559001 56 ]
gtrr 2 3 2
[15823996 20 0 65536 14559001 56 ]
addr 2 1 1
[15823996 21 0 65536 14559001 56 ]
addi 1 1 1
[15823996 23 0 65536 14559001 56 ]
addi 5 1 5
[15823996 24 0 65536 14559001 57 ]
seti 17 6 1
[15823996 17 0 65536 14559001 57 ]
addi 5 1 2
[15823996 18 58 65536 14559001 57 ]
muli 2 256 2
[15823996 19 14848 65536 14559001 57 ]
gtrr 2 3 2
[15823996 20 0 65536 14559001 57 ]
addr 2 1 1
[15823996 21 0 65536 14559001 57 ]
addi 1 1 1
[15823996 23 0 65536 14559001 57 ]
addi 5 1 5
[15823996 24 0 65536 14559001 58 ]
seti 17 6 1
[15823996 17 0 65536 14559001 58 ]
addi 5 1 2
[15823996 18 59 65536 14559001 58 ]
muli 2 256 2
[15823996 19 15104 65536 14559001 58 ]
gtrr 2 3 2
[15823996 20 0 65536 14559001 58 ]
addr 2 1 1
[15823996 21 0 65536 14559001 58 ]
addi 1 1 1
[15823996 23 0 65536 14559001 58 ]
addi 5 1 5
[15823996 24 0 65536 14559001 59 ]
seti 17 6 1
[15823996 17 0 65536 14559001 59 ]
addi 5 1 2
[15823996 18 60 65536 14559001 59 ]
muli 2 256 2
[15823996 19 15360 65536 14559001 59 ]
gtrr 2 3 2
[15823996 20 0 65536 14559001 59 ]
addr 2 1 1
[15823996 21 0 65536 14559001 59 ]
addi 1 1 1
[15823996 23 0 65536 14559001 59 ]
addi 5 1 5
[15823996 24 0 65536 14559001 60 ]
seti 17 6 1
[15823996 17 0 65536 14559001 60 ]
addi 5 1 2
[15823996 18 61 65536 14559001 60 ]
muli 2 256 2
[15823996 19 15616 65536 14559001 60 ]
gtrr 2 3 2
[15823996 20 0 65536 14559001 60 ]
addr 2 1 1
[15823996 21 0 65536 14559001 60 ]
addi 1 1 1
[15823996 23 0 65536 14559001 60 ]
addi 5 1 5
[15823996 24 0 65536 14559001 61 ]
seti 17 6 1
[15823996 17 0 65536 14559001 61 ]
addi 5 1 2
[15823996 18 62 65536 14559001 61 ]
muli 2 256 2
[15823996 19 15872 65536 14559001 61 ]
gtrr 2 3 2
[15823996 20 0 65536 14559001 61 ]
addr 2 1 1
[15823996 21 0 65536 14559001 61 ]
addi 1 1 1
[15823996 23 0 65536 14559001 61 ]
addi 5 1 5
[15823996 24 0 65536 14559001 62 ]
seti 17 6 1
[15823996 17 0 65536 14559001 62 ]
addi 5 1 2
[15823996 18 63 65536 14559001 62 ]
muli 2 256 2
[15823996 19 16128 65536 14559001 62 ]
gtrr 2 3 2
[15823996 20 0 65536 14559001 62 ]
addr 2 1 1
[15823996 21 0 65536 14559001 62 ]
addi 1 1 1
[15823996 23 0 65536 14559001 62 ]
addi 5 1 5
[15823996 24 0 65536 14559001 63 ]
seti 17 6 1
[15823996 17 0 65536 14559001 63 ]
addi 5 1 2
[15823996 18 64 65536 14559001 63 ]
muli 2 256 2
[15823996 19 16384 65536 14559001 63 ]
gtrr 2 3 2
[15823996 20 0 65536 14559001 63 ]
addr 2 1 1
[15823996 21 0 65536 14559001 63 ]
addi 1 1 1
[15823996 23 0 65536 14559001 63 ]
addi 5 1 5
[15823996 24 0 65536 14559001 64 ]
seti 17 6 1
[15823996 17 0 65536 14559001 64 ]
addi 5 1 2
[15823996 18 65 65536 14559001 64 ]
muli 2 256 2
[15823996 19 16640 65536 14559001 64 ]
gtrr 2 3 2
[15823996 20 0 65536 14559001 64 ]
addr 2 1 1
[15823996 21 0 65536 14559001 64 ]
addi 1 1 1
[15823996 23 0 65536 14559001 64 ]
addi 5 1 5
[15823996 24 0 65536 14559001 65 ]
seti 17 6 1
[15823996 17 0 65536 14559001 65 ]
addi 5 1 2
[15823996 18 66 65536 14559001 65 ]
muli 2 256 2
[15823996 19 16896 65536 14559001 65 ]
gtrr 2 3 2
[15823996 20 0 65536 14559001 65 ]
addr 2 1 1
[15823996 21 0 65536 14559001 65 ]
addi 1 1 1
[15823996 23 0 65536 14559001 65 ]
addi 5 1 5
[15823996 24 0 65536 14559001 66 ]
seti 17 6 1
[15823996 17 0 65536 14559001 66 ]
addi 5 1 2
[15823996 18 67 65536 14559001 66 ]
muli 2 256 2
[15823996 19 17152 65536 14559001 66 ]
gtrr 2 3 2
[15823996 20 0 65536 14559001 66 ]
addr 2 1 1
[15823996 21 0 65536 14559001 66 ]
addi 1 1 1
[15823996 23 0 65536 14559001 66 ]
addi 5 1 5
[15823996 24 0 65536 14559001 67 ]
seti 17 6 1
[15823996 17 0 65536 14559001 67 ]
addi 5 1 2
[15823996 18 68 65536 14559001 67 ]
muli 2 256 2
[15823996 19 17408 65536 14559001 67 ]
gtrr 2 3 2
[15823996 20 0 65536 14559001 67 ]
addr 2 1 1
[15823996 21 0 65536 14559001 67 ]
addi 1 1 1
[15823996 23 0 65536 14559001 67 ]
addi 5 1 5
[15823996 24 0 65536 14559001 68 ]
seti 17 6 1
[15823996 17 0 65536 14559001 68 ]
addi 5 1 2
[15823996 18 69 65536 14559001 68 ]
muli 2 256 2
[15823996 19 17664 65536 14559001 68 ]
gtrr 2 3 2
[15823996 20 0 65536 14559001 68 ]
addr 2 1 1
[15823996 21 0 65536 14559001 68 ]
addi 1 1 1
[15823996 23 0 65536 14559001 68 ]
addi 5 1 5
[15823996 24 0 65536 14559001 69 ]
seti 17 6 1
[15823996 17 0 65536 14559001 69 ]
addi 5 1 2
[15823996 18 70 65536 14559001 69 ]
muli 2 256 2
[15823996 19 17920 65536 14559001 69 ]
gtrr 2 3 2
[15823996 20 0 65536 14559001 69 ]
addr 2 1 1
[15823996 21 0 65536 14559001 69 ]
addi 1 1 1
[15823996 23 0 65536 14559001 69 ]
addi 5 1 5
[15823996 24 0 65536 14559001 70 ]
seti 17 6 1
[15823996 17 0 65536 14559001 70 ]
addi 5 1 2
[15823996 18 71 65536 14559001 70 ]
muli 2 256 2
[15823996 19 18176 65536 14559001 70 ]
gtrr 2 3 2
[15823996 20 0 65536 14559001 70 ]
addr 2 1 1
[15823996 21 0 65536 14559001 70 ]
addi 1 1 1
[15823996 23 0 65536 14559001 70 ]
addi 5 1 5
[15823996 24 0 65536 14559001 71 ]
seti 17 6 1
[15823996 17 0 65536 14559001 71 ]
addi 5 1 2
[15823996 18 72 65536 14559001 71 ]
muli 2 256 2
[15823996 19 18432 65536 14559001 71 ]
gtrr 2 3 2
[15823996 20 0 65536 14559001 71 ]
addr 2 1 1
[15823996 21 0 65536 14559001 71 ]
addi 1 1 1
[15823996 23 0 65536 14559001 71 ]
addi 5 1 5
[15823996 24 0 65536 14559001 72 ]
seti 17 6 1
[15823996 17 0 65536 14559001 72 ]
addi 5 1 2
[15823996 18 73 65536 14559001 72 ]
muli 2 256 2
[15823996 19 18688 65536 14559001 72 ]
gtrr 2 3 2
[15823996 20 0 65536 14559001 72 ]
addr 2 1 1
[15823996 21 0 65536 14559001 72 ]
addi 1 1 1
[15823996 23 0 65536 14559001 72 ]
addi 5 1 5
[15823996 24 0 65536 14559001 73 ]
seti 17 6 1
[15823996 17 0 65536 14559001 73 ]
addi 5 1 2
[15823996 18 74 65536 14559001 73 ]
muli 2 256 2
[15823996 19 18944 65536 14559001 73 ]
gtrr 2 3 2
[15823996 20 0 65536 14559001 73 ]
addr 2 1 1
[15823996 21 0 65536 14559001 73 ]
addi 1 1 1
[15823996 23 0 65536 14559001 73 ]
addi 5 1 5
[15823996 24 0 65536 14559001 74 ]
seti 17 6 1
[15823996 17 0 65536 14559001 74 ]
addi 5 1 2
[15823996 18 75 65536 14559001 74 ]
muli 2 256 2
[15823996 19 19200 65536 14559001 74 ]
gtrr 2 3 2
[15823996 20 0 65536 14559001 74 ]
addr 2 1 1
[15823996 21 0 65536 14559001 74 ]
addi 1 1 1
[15823996 23 0 65536 14559001 74 ]
addi 5 1 5
[15823996 24 0 65536 14559001 75 ]
seti 17 6 1
[15823996 17 0 65536 14559001 75 ]
addi 5 1 2
[15823996 18 76 65536 14559001 75 ]
muli 2 256 2
[15823996 19 19456 65536 14559001 75 ]
gtrr 2 3 2
[15823996 20 0 65536 14559001 75 ]
addr 2 1 1
[15823996 21 0 65536 14559001 75 ]
addi 1 1 1
[15823996 23 0 65536 14559001 75 ]
addi 5 1 5
[15823996 24 0 65536 14559001 76 ]
seti 17 6 1
[15823996 17 0 65536 14559001 76 ]
addi 5 1 2
[15823996 18 77 65536 14559001 76 ]
muli 2 256 2
[15823996 19 19712 65536 14559001 76 ]
gtrr 2 3 2
[15823996 20 0 65536 14559001 76 ]
addr 2 1 1
[15823996 21 0 65536 14559001 76 ]
addi 1 1 1
[15823996 23 0 65536 14559001 76 ]
addi 5 1 5
[15823996 24 0 65536 14559001 77 ]
seti 17 6 1
[15823996 17 0 65536 14559001 77 ]
addi 5 1 2
[15823996 18 78 65536 14559001 77 ]
muli 2 256 2
[15823996 19 19968 65536 14559001 77 ]
gtrr 2 3 2
[15823996 20 0 65536 14559001 77 ]
addr 2 1 1
[15823996 21 0 65536 14559001 77 ]
addi 1 1 1
[15823996 23 0 65536 14559001 77 ]
addi 5 1 5
[15823996 24 0 65536 14559001 78 ]
seti 17 6 1
[15823996 17 0 65536 14559001 78 ]
addi 5 1 2
[15823996 18 79 65536 14559001 78 ]
muli 2 256 2
[15823996 19 20224 65536 14559001 78 ]
gtrr 2 3 2
[15823996 20 0 65536 14559001 78 ]
addr 2 1 1
[15823996 21 0 65536 14559001 78 ]
addi 1 1 1
[15823996 23 0 65536 14559001 78 ]
addi 5 1 5
[15823996 24 0 65536 14559001 79 ]
seti 17 6 1
[15823996 17 0 65536 14559001 79 ]
addi 5 1 2
[15823996 18 80 65536 14559001 79 ]
muli 2 256 2
[15823996 19 20480 65536 14559001 79 ]
gtrr 2 3 2
[15823996 20 0 65536 14559001 79 ]
addr 2 1 1
[15823996 21 0 65536 14559001 79 ]
addi 1 1 1
[15823996 23 0 65536 14559001 79 ]
addi 5 1 5
[15823996 24 0 65536 14559001 80 ]
seti 17 6 1
[15823996 17 0 65536 14559001 80 ]
addi 5 1 2
[15823996 18 81 65536 14559001 80 ]
muli 2 256 2
[15823996 19 20736 65536 14559001 80 ]
gtrr 2 3 2
[15823996 20 0 65536 14559001 80 ]
addr 2 1 1
[15823996 21 0 65536 14559001 80 ]
addi 1 1 1
[15823996 23 0 65536 14559001 80 ]
addi 5 1 5
[15823996 24 0 65536 14559001 81 ]
seti 17 6 1
[15823996 17 0 65536 14559001 81 ]
addi 5 1 2
[15823996 18 82 65536 14559001 81 ]
muli 2 256 2
[15823996 19 20992 65536 14559001 81 ]
gtrr 2 3 2
[15823996 20 0 65536 14559001 81 ]
addr 2 1 1
[15823996 21 0 65536 14559001 81 ]
addi 1 1 1
[15823996 23 0 65536 14559001 81 ]
addi 5 1 5
[15823996 24 0 65536 14559001 82 ]
seti 17 6 1
[15823996 17 0 65536 14559001 82 ]
addi 5 1 2
[15823996 18 83 65536 14559001 82 ]
muli 2 256 2
[15823996 19 21248 65536 14559001 82 ]
gtrr 2 3 2
[15823996 20 0 65536 14559001 82 ]
addr 2 1 1
[15823996 21 0 65536 14559001 82 ]
addi 1 1 1
[15823996 23 0 65536 14559001 82 ]
addi 5 1 5
[15823996 24 0 65536 14559001 83 ]
seti 17 6 1
[15823996 17 0 65536 14559001 83 ]
addi 5 1 2
[15823996 18 84 65536 14559001 83 ]
muli 2 256 2
[15823996 19 21504 65536 14559001 83 ]
gtrr 2 3 2
[15823996 20 0 65536 14559001 83 ]
addr 2 1 1
[15823996 21 0 65536 14559001 83 ]
addi 1 1 1
[15823996 23 0 65536 14559001 83 ]
addi 5 1 5
[15823996 24 0 65536 14559001 84 ]
seti 17 6 1
[15823996 17 0 65536 14559001 84 ]
addi 5 1 2
[15823996 18 85 65536 14559001 84 ]
muli 2 256 2
[15823996 19 21760 65536 14559001 84 ]
gtrr 2 3 2
[15823996 20 0 65536 14559001 84 ]
addr 2 1 1
[15823996 21 0 65536 14559001 84 ]
addi 1 1 1
[15823996 23 0 65536 14559001 84 ]
addi 5 1 5
[15823996 24 0 65536 14559001 85 ]
seti 17 6 1
[15823996 17 0 65536 14559001 85 ]
addi 5 1 2
[15823996 18 86 65536 14559001 85 ]
muli 2 256 2
[15823996 19 22016 65536 14559001 85 ]
gtrr 2 3 2
[15823996 20 0 65536 14559001 85 ]
addr 2 1 1
[15823996 21 0 65536 14559001 85 ]
addi 1 1 1
[15823996 23 0 65536 14559001 85 ]
addi 5 1 5
[15823996 24 0 65536 14559001 86 ]
seti 17 6 1
[15823996 17 0 65536 14559001 86 ]
addi 5 1 2
[15823996 18 87 65536 14559001 86 ]
muli 2 256 2
[15823996 19 22272 65536 14559001 86 ]
gtrr 2 3 2
[15823996 20 0 65536 14559001 86 ]
addr 2 1 1
[15823996 21 0 65536 14559001 86 ]
addi 1 1 1
[15823996 23 0 65536 14559001 86 ]
addi 5 1 5
[15823996 24 0 65536 14559001 87 ]
seti 17 6 1
[15823996 17 0 65536 14559001 87 ]
addi 5 1 2
[15823996 18 88 65536 14559001 87 ]
muli 2 256 2
[15823996 19 22528 65536 14559001 87 ]
gtrr 2 3 2
[15823996 20 0 65536 14559001 87 ]
addr 2 1 1
[15823996 21 0 65536 14559001 87 ]
addi 1 1 1
[15823996 23 0 65536 14559001 87 ]
addi 5 1 5
[15823996 24 0 65536 14559001 88 ]
seti 17 6 1
[15823996 17 0 65536 14559001 88 ]
addi 5 1 2
[15823996 18 89 65536 14559001 88 ]
muli 2 256 2
[15823996 19 22784 65536 14559001 88 ]
gtrr 2 3 2
[15823996 20 0 65536 14559001 88 ]
addr 2 1 1
[15823996 21 0 65536 14559001 88 ]
addi 1 1 1
[15823996 23 0 65536 14559001 88 ]
addi 5 1 5
[15823996 24 0 65536 14559001 89 ]
seti 17 6 1
[15823996 17 0 65536 14559001 89 ]
addi 5 1 2
[15823996 18 90 65536 14559001 89 ]
muli 2 256 2
[15823996 19 23040 65536 14559001 89 ]
gtrr 2 3 2
[15823996 20 0 65536 14559001 89 ]
addr 2 1 1
[15823996 21 0 65536 14559001 89 ]
addi 1 1 1
[15823996 23 0 65536 14559001 89 ]
addi 5 1 5
[15823996 24 0 65536 14559001 90 ]
seti 17 6 1
[15823996 17 0 65536 14559001 90 ]
addi 5 1 2
[15823996 18 91 65536 14559001 90 ]
muli 2 256 2
[15823996 19 23296 65536 14559001 90 ]
gtrr 2 3 2
[15823996 20 0 65536 14559001 90 ]
addr 2 1 1
[15823996 21 0 65536 14559001 90 ]
addi 1 1 1
[15823996 23 0 65536 14559001 90 ]
addi 5 1 5
[15823996 24 0 65536 14559001 91 ]
seti 17 6 1
[15823996 17 0 65536 14559001 91 ]
addi 5 1 2
[15823996 18 92 65536 14559001 91 ]
muli 2 256 2
[15823996 19 23552 65536 14559001 91 ]
gtrr 2 3 2
[15823996 20 0 65536 14559001 91 ]
addr 2 1 1
[15823996 21 0 65536 14559001 91 ]
addi 1 1 1
[15823996 23 0 65536 14559001 91 ]
addi 5 1 5
[15823996 24 0 65536 14559001 92 ]
seti 17 6 1
[15823996 17 0 65536 14559001 92 ]
addi 5 1 2
[15823996 18 93 65536 14559001 92 ]
muli 2 256 2
[15823996 19 23808 65536 14559001 92 ]
gtrr 2 3 2
[15823996 20 0 65536 14559001 92 ]
addr 2 1 1
[15823996 21 0 65536 14559001 92 ]
addi 1 1 1
[15823996 23 0 65536 14559001 92 ]
addi 5 1 5
[15823996 24 0 65536 14559001 93 ]
seti 17 6 1
[15823996 17 0 65536 14559001 93 ]
addi 5 1 2
[15823996 18 94 65536 14559001 93 ]
muli 2 256 2
[15823996 19 24064 65536 14559001 93 ]
gtrr 2 3 2
[15823996 20 0 65536 14559001 93 ]
addr 2 1 1
[15823996 21 0 65536 14559001 93 ]
addi 1 1 1
[15823996 23 0 65536 14559001 93 ]
addi 5 1 5
[15823996 24 0 65536 14559001 94 ]
seti 17 6 1
[15823996 17 0 65536 14559001 94 ]
addi 5 1 2
[15823996 18 95 65536 14559001 94 ]
muli 2 256 2
[15823996 19 24320 65536 14559001 94 ]
gtrr 2 3 2
[15823996 20 0 65536 14559001 94 ]
addr 2 1 1
[15823996 21 0 65536 14559001 94 ]
addi 1 1 1
[15823996 23 0 65536 14559001 94 ]
addi 5 1 5
[15823996 24 0 65536 14559001 95 ]
seti 17 6 1
[15823996 17 0 65536 14559001 95 ]
addi 5 1 2
[15823996 18 96 65536 14559001 95 ]
muli 2 256 2
[15823996 19 24576 65536 14559001 95 ]
gtrr 2 3 2
[15823996 20 0 65536 14559001 95 ]
addr 2 1 1
[15823996 21 0 65536 14559001 95 ]
addi 1 1 1
[15823996 23 0 65536 14559001 95 ]
addi 5 1 5
[15823996 24 0 65536 14559001 96 ]
seti 17 6 1
[15823996 17 0 65536 14559001 96 ]
addi 5 1 2
[15823996 18 97 65536 14559001 96 ]
muli 2 256 2
[15823996 19 24832 65536 14559001 96 ]
gtrr 2 3 2
[15823996 20 0 65536 14559001 96 ]
addr 2 1 1
[15823996 21 0 65536 14559001 96 ]
addi 1 1 1
[15823996 23 0 65536 14559001 96 ]
addi 5 1 5
[15823996 24 0 65536 14559001 97 ]
seti 17 6 1
[15823996 17 0 65536 14559001 97 ]
addi 5 1 2
[15823996 18 98 65536 14559001 97 ]
muli 2 256 2
[15823996 19 25088 65536 14559001 97 ]
gtrr 2 3 2
[15823996 20 0 65536 14559001 97 ]
addr 2 1 1
[15823996 21 0 65536 14559001 97 ]
addi 1 1 1
[15823996 23 0 65536 14559001 97 ]
addi 5 1 5
[15823996 24 0 65536 14559001 98 ]
seti 17 6 1
[15823996 17 0 65536 14559001 98 ]
addi 5 1 2
[15823996 18 99 65536 14559001 98 ]
muli 2 256 2
[15823996 19 25344 65536 14559001 98 ]
gtrr 2 3 2
[15823996 20 0 65536 14559001 98 ]
addr 2 1 1
[15823996 21 0 65536 14559001 98 ]
addi 1 1 1
[15823996 23 0 65536 14559001 98 ]
addi 5 1 5
[15823996 24 0 65536 14559001 99 ]
seti 17 6 1
[15823996 17 0 65536 14559001 99 ]
addi 5 1 2
[15823996 18 100 65536 14559001 99 ]
muli 2 256 2
[15823996 19 25600 65536 14559001 99 ]
gtrr 2 3 2
[15823996 20 0 65536 14559001 99 ]
addr 2 1 1
[15823996 21 0 65536 14559001 99 ]
addi 1 1 1
[15823996 23 0 65536 14559001 99 ]
addi 5 1 5
[15823996 24 0 65536 14559001 100 ]
seti 17 6 1
[15823996 17 0 65536 14559001 100 ]
addi 5 1 2
[15823996 18 101 65536 14559001 100 ]
muli 2 256 2
[15823996 19 25856 65536 14559001 100 ]
gtrr 2 3 2
[15823996 20 0 65536 14559001 100 ]
addr 2 1 1
[15823996 21 0 65536 14559001 100 ]
addi 1 1 1
[15823996 23 0 65536 14559001 100 ]
addi 5 1 5
[15823996 24 0 65536 14559001 101 ]
seti 17 6 1
[15823996 17 0 65536 14559001 101 ]
addi 5 1 2
[15823996 18 102 65536 14559001 101 ]
muli 2 256 2
[15823996 19 26112 65536 14559001 101 ]
gtrr 2 3 2
[15823996 20 0 65536 14559001 101 ]
addr 2 1 1
[15823996 21 0 65536 14559001 101 ]
addi 1 1 1
[15823996 23 0 65536 14559001 101 ]
addi 5 1 5
[15823996 24 0 65536 14559001 102 ]
seti 17 6 1
[15823996 17 0 65536 14559001 102 ]
addi 5 1 2
[15823996 18 103 65536 14559001 102 ]
muli 2 256 2
[15823996 19 26368 65536 14559001 102 ]
gtrr 2 3 2
[15823996 20 0 65536 14559001 102 ]
addr 2 1 1
[15823996 21 0 65536 14559001 102 ]
addi 1 1 1
[15823996 23 0 65536 14559001 102 ]
addi 5 1 5
[15823996 24 0 65536 14559001 103 ]
seti 17 6 1
[15823996 17 0 65536 14559001 103 ]
addi 5 1 2
[15823996 18 104 65536 14559001 103 ]
muli 2 256 2
[15823996 19 26624 65536 14559001 103 ]
gtrr 2 3 2
[15823996 20 0 65536 14559001 103 ]
addr 2 1 1
[15823996 21 0 65536 14559001 103 ]
addi 1 1 1
[15823996 23 0 65536 14559001 103 ]
addi 5 1 5
[15823996 24 0 65536 14559001 104 ]
seti 17 6 1
[15823996 17 0 65536 14559001 104 ]
addi 5 1 2
[15823996 18 105 65536 14559001 104 ]
muli 2 256 2
[15823996 19 26880 65536 14559001 104 ]
gtrr 2 3 2
[15823996 20 0 65536 14559001 104 ]
addr 2 1 1
[15823996 21 0 65536 14559001 104 ]
addi 1 1 1
[15823996 23 0 65536 14559001 104 ]
addi 5 1 5
[15823996 24 0 65536 14559001 105 ]
seti 17 6 1
[15823996 17 0 65536 14559001 105 ]
addi 5 1 2
[15823996 18 106 65536 14559001 105 ]
muli 2 256 2
[15823996 19 27136 65536 14559001 105 ]
gtrr 2 3 2
[15823996 20 0 65536 14559001 105 ]
addr 2 1 1
[15823996 21 0 65536 14559001 105 ]
addi 1 1 1
[15823996 23 0 65536 14559001 105 ]
addi 5 1 5
[15823996 24 0 65536 14559001 106 ]
seti 17 6 1
[15823996 17 0 65536 14559001 106 ]
addi 5 1 2
[15823996 18 107 65536 14559001 106 ]
muli 2 256 2
[15823996 19 27392 65536 14559001 106 ]
gtrr 2 3 2
[15823996 20 0 65536 14559001 106 ]
addr 2 1 1
[15823996 21 0 65536 14559001 106 ]
addi 1 1 1
[15823996 23 0 65536 14559001 106 ]
addi 5 1 5
[15823996 24 0 65536 14559001 107 ]
seti 17 6 1
[15823996 17 0 65536 14559001 107 ]
addi 5 1 2
[15823996 18 108 65536 14559001 107 ]
muli 2 256 2
[15823996 19 27648 65536 14559001 107 ]
gtrr 2 3 2
[15823996 20 0 65536 14559001 107 ]
addr 2 1 1
[15823996 21 0 65536 14559001 107 ]
addi 1 1 1
[15823996 23 0 65536 14559001 107 ]
addi 5 1 5
[15823996 24 0 65536 14559001 108 ]
seti 17 6 1
[15823996 17 0 65536 14559001 108 ]
addi 5 1 2
[15823996 18 109 65536 14559001 108 ]
muli 2 256 2
[15823996 19 27904 65536 14559001 108 ]
gtrr 2 3 2
[15823996 20 0 65536 14559001 108 ]
addr 2 1 1
[15823996 21 0 65536 14559001 108 ]
addi 1 1 1
[15823996 23 0 65536 14559001 108 ]
addi 5 1 5
[15823996 24 0 65536 14559001 109 ]
seti 17 6 1
[15823996 17 0 65536 14559001 109 ]
addi 5 1 2
[15823996 18 110 65536 14559001 109 ]
muli 2 256 2
[15823996 19 28160 65536 14559001 109 ]
gtrr 2 3 2
[15823996 20 0 65536 14559001 109 ]
addr 2 1 1
[15823996 21 0 65536 14559001 109 ]
addi 1 1 1
[15823996 23 0 65536 14559001 109 ]
addi 5 1 5
[15823996 24 0 65536 14559001 110 ]
seti 17 6 1
[15823996 17 0 65536 14559001 110 ]
addi 5 1 2
[15823996 18 111 65536 14559001 110 ]
muli 2 256 2
[15823996 19 28416 65536 14559001 110 ]
gtrr 2 3 2
[15823996 20 0 65536 14559001 110 ]
addr 2 1 1
[15823996 21 0 65536 14559001 110 ]
addi 1 1 1
[15823996 23 0 65536 14559001 110 ]
addi 5 1 5
[15823996 24 0 65536 14559001 111 ]
seti 17 6 1
[15823996 17 0 65536 14559001 111 ]
addi 5 1 2
[15823996 18 112 65536 14559001 111 ]
muli 2 256 2
[15823996 19 28672 65536 14559001 111 ]
gtrr 2 3 2
[15823996 20 0 65536 14559001 111 ]
addr 2 1 1
[15823996 21 0 65536 14559001 111 ]
addi 1 1 1
[15823996 23 0 65536 14559001 111 ]
addi 5 1 5
[15823996 24 0 65536 14559001 112 ]
seti 17 6 1
[15823996 17 0 65536 14559001 112 ]
addi 5 1 2
[15823996 18 113 65536 14559001 112 ]
muli 2 256 2
[15823996 19 28928 65536 14559001 112 ]
gtrr 2 3 2
[15823996 20 0 65536 14559001 112 ]
addr 2 1 1
[15823996 21 0 65536 14559001 112 ]
addi 1 1 1
[15823996 23 0 65536 14559001 112 ]
addi 5 1 5
[15823996 24 0 65536 14559001 113 ]
seti 17 6 1
[15823996 17 0 65536 14559001 113 ]
addi 5 1 2
[15823996 18 114 65536 14559001 113 ]
muli 2 256 2
[15823996 19 29184 65536 14559001 113 ]
gtrr 2 3 2
[15823996 20 0 65536 14559001 113 ]
addr 2 1 1
[15823996 21 0 65536 14559001 113 ]
addi 1 1 1
[15823996 23 0 65536 14559001 113 ]
addi 5 1 5
[15823996 24 0 65536 14559001 114 ]
seti 17 6 1
[15823996 17 0 65536 14559001 114 ]
addi 5 1 2
[15823996 18 115 65536 14559001 114 ]
muli 2 256 2
[15823996 19 29440 65536 14559001 114 ]
gtrr 2 3 2
[15823996 20 0 65536 14559001 114 ]
addr 2 1 1
[15823996 21 0 65536 14559001 114 ]
addi 1 1 1
[15823996 23 0 65536 14559001 114 ]
addi 5 1 5
[15823996 24 0 65536 14559001 115 ]
seti 17 6 1
[15823996 17 0 65536 14559001 115 ]
addi 5 1 2
[15823996 18 116 65536 14559001 115 ]
muli 2 256 2
[15823996 19 29696 65536 14559001 115 ]
gtrr 2 3 2
[15823996 20 0 65536 14559001 115 ]
addr 2 1 1
[15823996 21 0 65536 14559001 115 ]
addi 1 1 1
[15823996 23 0 65536 14559001 115 ]
addi 5 1 5
[15823996 24 0 65536 14559001 116 ]
seti 17 6 1
[15823996 17 0 65536 14559001 116 ]
addi 5 1 2
[15823996 18 117 65536 14559001 116 ]
muli 2 256 2
[15823996 19 29952 65536 14559001 116 ]
gtrr 2 3 2
[15823996 20 0 65536 14559001 116 ]
addr 2 1 1
[15823996 21 0 65536 14559001 116 ]
addi 1 1 1
[15823996 23 0 65536 14559001 116 ]
addi 5 1 5
[15823996 24 0 65536 14559001 117 ]
seti 17 6 1
[15823996 17 0 65536 14559001 117 ]
addi 5 1 2
[15823996 18 118 65536 14559001 117 ]
muli 2 256 2
[15823996 19 30208 65536 14559001 117 ]
gtrr 2 3 2
[15823996 20 0 65536 14559001 117 ]
addr 2 1 1
[15823996 21 0 65536 14559001 117 ]
addi 1 1 1
[15823996 23 0 65536 14559001 117 ]
addi 5 1 5
[15823996 24 0 65536 14559001 118 ]
seti 17 6 1
[15823996 17 0 65536 14559001 118 ]
addi 5 1 2
[15823996 18 119 65536 14559001 118 ]
muli 2 256 2
[15823996 19 30464 65536 14559001 118 ]
gtrr 2 3 2
[15823996 20 0 65536 14559001 118 ]
addr 2 1 1
[15823996 21 0 65536 14559001 118 ]
addi 1 1 1
[15823996 23 0 65536 14559001 118 ]
addi 5 1 5
[15823996 24 0 65536 14559001 119 ]
seti 17 6 1
[15823996 17 0 65536 14559001 119 ]
addi 5 1 2
[15823996 18 120 65536 14559001 119 ]
muli 2 256 2
[15823996 19 30720 65536 14559001 119 ]
gtrr 2 3 2
[15823996 20 0 65536 14559001 119 ]
addr 2 1 1
[15823996 21 0 65536 14559001 119 ]
addi 1 1 1
[15823996 23 0 65536 14559001 119 ]
addi 5 1 5
[15823996 24 0 65536 14559001 120 ]
seti 17 6 1
[15823996 17 0 65536 14559001 120 ]
addi 5 1 2
[15823996 18 121 65536 14559001 120 ]
muli 2 256 2
[15823996 19 30976 65536 14559001 120 ]
gtrr 2 3 2
[15823996 20 0 65536 14559001 120 ]
addr 2 1 1
[15823996 21 0 65536 14559001 120 ]
addi 1 1 1
[15823996 23 0 65536 14559001 120 ]
addi 5 1 5
[15823996 24 0 65536 14559001 121 ]
seti 17 6 1
[15823996 17 0 65536 14559001 121 ]
addi 5 1 2
[15823996 18 122 65536 14559001 121 ]
muli 2 256 2
[15823996 19 31232 65536 14559001 121 ]
gtrr 2 3 2
[15823996 20 0 65536 14559001 121 ]
addr 2 1 1
[15823996 21 0 65536 14559001 121 ]
addi 1 1 1
[15823996 23 0 65536 14559001 121 ]
addi 5 1 5
[15823996 24 0 65536 14559001 122 ]
seti 17 6 1
[15823996 17 0 65536 14559001 122 ]
addi 5 1 2
[15823996 18 123 65536 14559001 122 ]
muli 2 256 2
[15823996 19 31488 65536 14559001 122 ]
gtrr 2 3 2
[15823996 20 0 65536 14559001 122 ]
addr 2 1 1
[15823996 21 0 65536 14559001 122 ]
addi 1 1 1
[15823996 23 0 65536 14559001 122 ]
addi 5 1 5
[15823996 24 0 65536 14559001 123 ]
seti 17 6 1
[15823996 17 0 65536 14559001 123 ]
addi 5 1 2
[15823996 18 124 65536 14559001 123 ]
muli 2 256 2
[15823996 19 31744 65536 14559001 123 ]
gtrr 2 3 2
[15823996 20 0 65536 14559001 123 ]
addr 2 1 1
[15823996 21 0 65536 14559001 123 ]
addi 1 1 1
[15823996 23 0 65536 14559001 123 ]
addi 5 1 5
[15823996 24 0 65536 14559001 124 ]
seti 17 6 1
[15823996 17 0 65536 14559001 124 ]
addi 5 1 2
[15823996 18 125 65536 14559001 124 ]
muli 2 256 2
[15823996 19 32000 65536 14559001 124 ]
gtrr 2 3 2
[15823996 20 0 65536 14559001 124 ]
addr 2 1 1
[15823996 21 0 65536 14559001 124 ]
addi 1 1 1
[15823996 23 0 65536 14559001 124 ]
addi 5 1 5
[15823996 24 0 65536 14559001 125 ]
seti 17 6 1
[15823996 17 0 65536 14559001 125 ]
addi 5 1 2
[15823996 18 126 65536 14559001 125 ]
muli 2 256 2
[15823996 19 32256 65536 14559001 125 ]
gtrr 2 3 2
[15823996 20 0 65536 14559001 125 ]
addr 2 1 1
[15823996 21 0 65536 14559001 125 ]
addi 1 1 1
[15823996 23 0 65536 14559001 125 ]
addi 5 1 5
[15823996 24 0 65536 14559001 126 ]
seti 17 6 1
[15823996 17 0 65536 14559001 126 ]
addi 5 1 2
[15823996 18 127 65536 14559001 126 ]
muli 2 256 2
[15823996 19 32512 65536 14559001 126 ]
gtrr 2 3 2
[15823996 20 0 65536 14559001 126 ]
addr 2 1 1
[15823996 21 0 65536 14559001 126 ]
addi 1 1 1
[15823996 23 0 65536 14559001 126 ]
addi 5 1 5
[15823996 24 0 65536 14559001 127 ]
seti 17 6 1
[15823996 17 0 65536 14559001 127 ]
addi 5 1 2
[15823996 18 128 65536 14559001 127 ]
muli 2 256 2
[15823996 19 32768 65536 14559001 127 ]
gtrr 2 3 2
[15823996 20 0 65536 14559001 127 ]
addr 2 1 1
[15823996 21 0 65536 14559001 127 ]
addi 1 1 1
[15823996 23 0 65536 14559001 127 ]
addi 5 1 5
[15823996 24 0 65536 14559001 128 ]
seti 17 6 1
[15823996 17 0 65536 14559001 128 ]
addi 5 1 2
[15823996 18 129 65536 14559001 128 ]
muli 2 256 2
[15823996 19 33024 65536 14559001 128 ]
gtrr 2 3 2
[15823996 20 0 65536 14559001 128 ]
addr 2 1 1
[15823996 21 0 65536 14559001 128 ]
addi 1 1 1
[15823996 23 0 65536 14559001 128 ]
addi 5 1 5
[15823996 24 0 65536 14559001 129 ]
seti 17 6 1
[15823996 17 0 65536 14559001 129 ]
addi 5 1 2
[15823996 18 130 65536 14559001 129 ]
muli 2 256 2
[15823996 19 33280 65536 14559001 129 ]
gtrr 2 3 2
[15823996 20 0 65536 14559001 129 ]
addr 2 1 1
[15823996 21 0 65536 14559001 129 ]
addi 1 1 1
[15823996 23 0 65536 14559001 129 ]
addi 5 1 5
[15823996 24 0 65536 14559001 130 ]
seti 17 6 1
[15823996 17 0 65536 14559001 130 ]
addi 5 1 2
[15823996 18 131 65536 14559001 130 ]
muli 2 256 2
[15823996 19 33536 65536 14559001 130 ]
gtrr 2 3 2
[15823996 20 0 65536 14559001 130 ]
addr 2 1 1
[15823996 21 0 65536 14559001 130 ]
addi 1 1 1
[15823996 23 0 65536 14559001 130 ]
addi 5 1 5
[15823996 24 0 65536 14559001 131 ]
seti 17 6 1
[15823996 17 0 65536 14559001 131 ]
addi 5 1 2
[15823996 18 132 65536 14559001 131 ]
muli 2 256 2
[15823996 19 33792 65536 14559001 131 ]
gtrr 2 3 2
[15823996 20 0 65536 14559001 131 ]
addr 2 1 1
[15823996 21 0 65536 14559001 131 ]
addi 1 1 1
[15823996 23 0 65536 14559001 131 ]
addi 5 1 5
[15823996 24 0 65536 14559001 132 ]
seti 17 6 1
[15823996 17 0 65536 14559001 132 ]
addi 5 1 2
[15823996 18 133 65536 14559001 132 ]
muli 2 256 2
[15823996 19 34048 65536 14559001 132 ]
gtrr 2 3 2
[15823996 20 0 65536 14559001 132 ]
addr 2 1 1
[15823996 21 0 65536 14559001 132 ]
addi 1 1 1
[15823996 23 0 65536 14559001 132 ]
addi 5 1 5
[15823996 24 0 65536 14559001 133 ]
seti 17 6 1
[15823996 17 0 65536 14559001 133 ]
addi 5 1 2
[15823996 18 134 65536 14559001 133 ]
muli 2 256 2
[15823996 19 34304 65536 14559001 133 ]
gtrr 2 3 2
[15823996 20 0 65536 14559001 133 ]
addr 2 1 1
[15823996 21 0 65536 14559001 133 ]
addi 1 1 1
[15823996 23 0 65536 14559001 133 ]
addi 5 1 5
[15823996 24 0 65536 14559001 134 ]
seti 17 6 1
[15823996 17 0 65536 14559001 134 ]
addi 5 1 2
[15823996 18 135 65536 14559001 134 ]
muli 2 256 2
[15823996 19 34560 65536 14559001 134 ]
gtrr 2 3 2
[15823996 20 0 65536 14559001 134 ]
addr 2 1 1
[15823996 21 0 65536 14559001 134 ]
addi 1 1 1
[15823996 23 0 65536 14559001 134 ]
addi 5 1 5
[15823996 24 0 65536 14559001 135 ]
seti 17 6 1
[15823996 17 0 65536 14559001 135 ]
addi 5 1 2
[15823996 18 136 65536 14559001 135 ]
muli 2 256 2
[15823996 19 34816 65536 14559001 135 ]
gtrr 2 3 2
[15823996 20 0 65536 14559001 135 ]
addr 2 1 1
[15823996 21 0 65536 14559001 135 ]
addi 1 1 1
[15823996 23 0 65536 14559001 135 ]
addi 5 1 5
[15823996 24 0 65536 14559001 136 ]
seti 17 6 1
[15823996 17 0 65536 14559001 136 ]
addi 5 1 2
[15823996 18 137 65536 14559001 136 ]
muli 2 256 2
[15823996 19 35072 65536 14559001 136 ]
gtrr 2 3 2
[15823996 20 0 65536 14559001 136 ]
addr 2 1 1
[15823996 21 0 65536 14559001 136 ]
addi 1 1 1
[15823996 23 0 65536 14559001 136 ]
addi 5 1 5
[15823996 24 0 65536 14559001 137 ]
seti 17 6 1
[15823996 17 0 65536 14559001 137 ]
addi 5 1 2
[15823996 18 138 65536 14559001 137 ]
muli 2 256 2
[15823996 19 35328 65536 14559001 137 ]
gtrr 2 3 2
[15823996 20 0 65536 14559001 137 ]
addr 2 1 1
[15823996 21 0 65536 14559001 137 ]
addi 1 1 1
[15823996 23 0 65536 14559001 137 ]
addi 5 1 5
[15823996 24 0 65536 14559001 138 ]
seti 17 6 1
[15823996 17 0 65536 14559001 138 ]
addi 5 1 2
[15823996 18 139 65536 14559001 138 ]
muli 2 256 2
[15823996 19 35584 65536 14559001 138 ]
gtrr 2 3 2
[15823996 20 0 65536 14559001 138 ]
addr 2 1 1
[15823996 21 0 65536 14559001 138 ]
addi 1 1 1
[15823996 23 0 65536 14559001 138 ]
addi 5 1 5
[15823996 24 0 65536 14559001 139 ]
seti 17 6 1
[15823996 17 0 65536 14559001 139 ]
addi 5 1 2
[15823996 18 140 65536 14559001 139 ]
muli 2 256 2
[15823996 19 35840 65536 14559001 139 ]
gtrr 2 3 2
[15823996 20 0 65536 14559001 139 ]
addr 2 1 1
[15823996 21 0 65536 14559001 139 ]
addi 1 1 1
[15823996 23 0 65536 14559001 139 ]
addi 5 1 5
[15823996 24 0 65536 14559001 140 ]
seti 17 6 1
[15823996 17 0 65536 14559001 140 ]
addi 5 1 2
[15823996 18 141 65536 14559001 140 ]
muli 2 256 2
[15823996 19 36096 65536 14559001 140 ]
gtrr 2 3 2
[15823996 20 0 65536 14559001 140 ]
addr 2 1 1
[15823996 21 0 65536 14559001 140 ]
addi 1 1 1
[15823996 23 0 65536 14559001 140 ]
addi 5 1 5
[15823996 24 0 65536 14559001 141 ]
seti 17 6 1
[15823996 17 0 65536 14559001 141 ]
addi 5 1 2
[15823996 18 142 65536 14559001 141 ]
muli 2 256 2
[15823996 19 36352 65536 14559001 141 ]
gtrr 2 3 2
[15823996 20 0 65536 14559001 141 ]
addr 2 1 1
[15823996 21 0 65536 14559001 141 ]
addi 1 1 1
[15823996 23 0 65536 14559001 141 ]
addi 5 1 5
[15823996 24 0 65536 14559001 142 ]
seti 17 6 1
[15823996 17 0 65536 14559001 142 ]
addi 5 1 2
[15823996 18 143 65536 14559001 142 ]
muli 2 256 2
[15823996 19 36608 65536 14559001 142 ]
gtrr 2 3 2
[15823996 20 0 65536 14559001 142 ]
addr 2 1 1
[15823996 21 0 65536 14559001 142 ]
addi 1 1 1
[15823996 23 0 65536 14559001 142 ]
addi 5 1 5
[15823996 24 0 65536 14559001 143 ]
seti 17 6 1
[15823996 17 0 65536 14559001 143 ]
addi 5 1 2
[15823996 18 144 65536 14559001 143 ]
muli 2 256 2
[15823996 19 36864 65536 14559001 143 ]
gtrr 2 3 2
[15823996 20 0 65536 14559001 143 ]
addr 2 1 1
[15823996 21 0 65536 14559001 143 ]
addi 1 1 1
[15823996 23 0 65536 14559001 143 ]
addi 5 1 5
[15823996 24 0 65536 14559001 144 ]
seti 17 6 1
[15823996 17 0 65536 14559001 144 ]
addi 5 1 2
[15823996 18 145 65536 14559001 144 ]
muli 2 256 2
[15823996 19 37120 65536 14559001 144 ]
gtrr 2 3 2
[15823996 20 0 65536 14559001 144 ]
addr 2 1 1
[15823996 21 0 65536 14559001 144 ]
addi 1 1 1
[15823996 23 0 65536 14559001 144 ]
addi 5 1 5
[15823996 24 0 65536 14559001 145 ]
seti 17 6 1
[15823996 17 0 65536 14559001 145 ]
addi 5 1 2
[15823996 18 146 65536 14559001 145 ]
muli 2 256 2
[15823996 19 37376 65536 14559001 145 ]
gtrr 2 3 2
[15823996 20 0 65536 14559001 145 ]
addr 2 1 1
[15823996 21 0 65536 14559001 145 ]
addi 1 1 1
[15823996 23 0 65536 14559001 145 ]
addi 5 1 5
[15823996 24 0 65536 14559001 146 ]
seti 17 6 1
[15823996 17 0 65536 14559001 146 ]
addi 5 1 2
[15823996 18 147 65536 14559001 146 ]
muli 2 256 2
[15823996 19 37632 65536 14559001 146 ]
gtrr 2 3 2
[15823996 20 0 65536 14559001 146 ]
addr 2 1 1
[15823996 21 0 65536 14559001 146 ]
addi 1 1 1
[15823996 23 0 65536 14559001 146 ]
addi 5 1 5
[15823996 24 0 65536 14559001 147 ]
seti 17 6 1
[15823996 17 0 65536 14559001 147 ]
addi 5 1 2
[15823996 18 148 65536 14559001 147 ]
muli 2 256 2
[15823996 19 37888 65536 14559001 147 ]
gtrr 2 3 2
[15823996 20 0 65536 14559001 147 ]
addr 2 1 1
[15823996 21 0 65536 14559001 147 ]
addi 1 1 1
[15823996 23 0 65536 14559001 147 ]
addi 5 1 5
[15823996 24 0 65536 14559001 148 ]
seti 17 6 1
[15823996 17 0 65536 14559001 148 ]
addi 5 1 2
[15823996 18 149 65536 14559001 148 ]
muli 2 256 2
[15823996 19 38144 65536 14559001 148 ]
gtrr 2 3 2
[15823996 20 0 65536 14559001 148 ]
addr 2 1 1
[15823996 21 0 65536 14559001 148 ]
addi 1 1 1
[15823996 23 0 65536 14559001 148 ]
addi 5 1 5
[15823996 24 0 65536 14559001 149 ]
seti 17 6 1
[15823996 17 0 65536 14559001 149 ]
addi 5 1 2
[15823996 18 150 65536 14559001 149 ]
muli 2 256 2
[15823996 19 38400 65536 14559001 149 ]
gtrr 2 3 2
[15823996 20 0 65536 14559001 149 ]
addr 2 1 1
[15823996 21 0 65536 14559001 149 ]
addi 1 1 1
[15823996 23 0 65536 14559001 149 ]
addi 5 1 5
[15823996 24 0 65536 14559001 150 ]
seti 17 6 1
[15823996 17 0 65536 14559001 150 ]
addi 5 1 2
[15823996 18 151 65536 14559001 150 ]
muli 2 256 2
[15823996 19 38656 65536 14559001 150 ]
gtrr 2 3 2
[15823996 20 0 65536 14559001 150 ]
addr 2 1 1
[15823996 21 0 65536 14559001 150 ]
addi 1 1 1
[15823996 23 0 65536 14559001 150 ]
addi 5 1 5
[15823996 24 0 65536 14559001 151 ]
seti 17 6 1
[15823996 17 0 65536 14559001 151 ]
addi 5 1 2
[15823996 18 152 65536 14559001 151 ]
muli 2 256 2
[15823996 19 38912 65536 14559001 151 ]
gtrr 2 3 2
[15823996 20 0 65536 14559001 151 ]
addr 2 1 1
[15823996 21 0 65536 14559001 151 ]
addi 1 1 1
[15823996 23 0 65536 14559001 151 ]
addi 5 1 5
[15823996 24 0 65536 14559001 152 ]
seti 17 6 1
[15823996 17 0 65536 14559001 152 ]
addi 5 1 2
[15823996 18 153 65536 14559001 152 ]
muli 2 256 2
[15823996 19 39168 65536 14559001 152 ]
gtrr 2 3 2
[15823996 20 0 65536 14559001 152 ]
addr 2 1 1
[15823996 21 0 65536 14559001 152 ]
addi 1 1 1
[15823996 23 0 65536 14559001 152 ]
addi 5 1 5
[15823996 24 0 65536 14559001 153 ]
seti 17 6 1
[15823996 17 0 65536 14559001 153 ]
addi 5 1 2
[15823996 18 154 65536 14559001 153 ]
muli 2 256 2
[15823996 19 39424 65536 14559001 153 ]
gtrr 2 3 2
[15823996 20 0 65536 14559001 153 ]
addr 2 1 1
[15823996 21 0 65536 14559001 153 ]
addi 1 1 1
[15823996 23 0 65536 14559001 153 ]
addi 5 1 5
[15823996 24 0 65536 14559001 154 ]
seti 17 6 1
[15823996 17 0 65536 14559001 154 ]
addi 5 1 2
[15823996 18 155 65536 14559001 154 ]
muli 2 256 2
[15823996 19 39680 65536 14559001 154 ]
gtrr 2 3 2
[15823996 20 0 65536 14559001 154 ]
addr 2 1 1
[15823996 21 0 65536 14559001 154 ]
addi 1 1 1
[15823996 23 0 65536 14559001 154 ]
addi 5 1 5
[15823996 24 0 65536 14559001 155 ]
seti 17 6 1
[15823996 17 0 65536 14559001 155 ]
addi 5 1 2
[15823996 18 156 65536 14559001 155 ]
muli 2 256 2
[15823996 19 39936 65536 14559001 155 ]
gtrr 2 3 2
[15823996 20 0 65536 14559001 155 ]
addr 2 1 1
[15823996 21 0 65536 14559001 155 ]
addi 1 1 1
[15823996 23 0 65536 14559001 155 ]
addi 5 1 5
[15823996 24 0 65536 14559001 156 ]
seti 17 6 1
[15823996 17 0 65536 14559001 156 ]
addi 5 1 2
[15823996 18 157 65536 14559001 156 ]
muli 2 256 2
[15823996 19 40192 65536 14559001 156 ]
gtrr 2 3 2
[15823996 20 0 65536 14559001 156 ]
addr 2 1 1
[15823996 21 0 65536 14559001 156 ]
addi 1 1 1
[15823996 23 0 65536 14559001 156 ]
addi 5 1 5
[15823996 24 0 65536 14559001 157 ]
seti 17 6 1
[15823996 17 0 65536 14559001 157 ]
addi 5 1 2
[15823996 18 158 65536 14559001 157 ]
muli 2 256 2
[15823996 19 40448 65536 14559001 157 ]
gtrr 2 3 2
[15823996 20 0 65536 14559001 157 ]
addr 2 1 1
[15823996 21 0 65536 14559001 157 ]
addi 1 1 1
[15823996 23 0 65536 14559001 157 ]
addi 5 1 5
[15823996 24 0 65536 14559001 158 ]
seti 17 6 1
[15823996 17 0 65536 14559001 158 ]
addi 5 1 2
[15823996 18 159 65536 14559001 158 ]
muli 2 256 2
[15823996 19 40704 65536 14559001 158 ]
gtrr 2 3 2
[15823996 20 0 65536 14559001 158 ]
addr 2 1 1
[15823996 21 0 65536 14559001 158 ]
addi 1 1 1
[15823996 23 0 65536 14559001 158 ]
addi 5 1 5
[15823996 24 0 65536 14559001 159 ]
seti 17 6 1
[15823996 17 0 65536 14559001 159 ]
addi 5 1 2
[15823996 18 160 65536 14559001 159 ]
muli 2 256 2
[15823996 19 40960 65536 14559001 159 ]
gtrr 2 3 2
[15823996 20 0 65536 14559001 159 ]
addr 2 1 1
[15823996 21 0 65536 14559001 159 ]
addi 1 1 1
[15823996 23 0 65536 14559001 159 ]
addi 5 1 5
[15823996 24 0 65536 14559001 160 ]
seti 17 6 1
[15823996 17 0 65536 14559001 160 ]
addi 5 1 2
[15823996 18 161 65536 14559001 160 ]
muli 2 256 2
[15823996 19 41216 65536 14559001 160 ]
gtrr 2 3 2
[15823996 20 0 65536 14559001 160 ]
addr 2 1 1
[15823996 21 0 65536 14559001 160 ]
addi 1 1 1
[15823996 23 0 65536 14559001 160 ]
addi 5 1 5
[15823996 24 0 65536 14559001 161 ]
seti 17 6 1
[15823996 17 0 65536 14559001 161 ]
addi 5 1 2
[15823996 18 162 65536 14559001 161 ]
muli 2 256 2
[15823996 19 41472 65536 14559001 161 ]
gtrr 2 3 2
[15823996 20 0 65536 14559001 161 ]
addr 2 1 1
[15823996 21 0 65536 14559001 161 ]
addi 1 1 1
[15823996 23 0 65536 14559001 161 ]
addi 5 1 5
[15823996 24 0 65536 14559001 162 ]
seti 17 6 1
[15823996 17 0 65536 14559001 162 ]
addi 5 1 2
[15823996 18 163 65536 14559001 162 ]
muli 2 256 2
[15823996 19 41728 65536 14559001 162 ]
gtrr 2 3 2
[15823996 20 0 65536 14559001 162 ]
addr 2 1 1
[15823996 21 0 65536 14559001 162 ]
addi 1 1 1
[15823996 23 0 65536 14559001 162 ]
addi 5 1 5
[15823996 24 0 65536 14559001 163 ]
seti 17 6 1
[15823996 17 0 65536 14559001 163 ]
addi 5 1 2
[15823996 18 164 65536 14559001 163 ]
muli 2 256 2
[15823996 19 41984 65536 14559001 163 ]
gtrr 2 3 2
[15823996 20 0 65536 14559001 163 ]
addr 2 1 1
[15823996 21 0 65536 14559001 163 ]
addi 1 1 1
[15823996 23 0 65536 14559001 163 ]
addi 5 1 5
[15823996 24 0 65536 14559001 164 ]
seti 17 6 1
[15823996 17 0 65536 14559001 164 ]
addi 5 1 2
[15823996 18 165 65536 14559001 164 ]
muli 2 256 2
[15823996 19 42240 65536 14559001 164 ]
gtrr 2 3 2
[15823996 20 0 65536 14559001 164 ]
addr 2 1 1
[15823996 21 0 65536 14559001 164 ]
addi 1 1 1
[15823996 23 0 65536 14559001 164 ]
addi 5 1 5
[15823996 24 0 65536 14559001 165 ]
seti 17 6 1
[15823996 17 0 65536 14559001 165 ]
addi 5 1 2
[15823996 18 166 65536 14559001 165 ]
muli 2 256 2
[15823996 19 42496 65536 14559001 165 ]
gtrr 2 3 2
[15823996 20 0 65536 14559001 165 ]
addr 2 1 1
[15823996 21 0 65536 14559001 165 ]
addi 1 1 1
[15823996 23 0 65536 14559001 165 ]
addi 5 1 5
[15823996 24 0 65536 14559001 166 ]
seti 17 6 1
[15823996 17 0 65536 14559001 166 ]
addi 5 1 2
[15823996 18 167 65536 14559001 166 ]
muli 2 256 2
[15823996 19 42752 65536 14559001 166 ]
gtrr 2 3 2
[15823996 20 0 65536 14559001 166 ]
addr 2 1 1
[15823996 21 0 65536 14559001 166 ]
addi 1 1 1
[15823996 23 0 65536 14559001 166 ]
addi 5 1 5
[15823996 24 0 65536 14559001 167 ]
seti 17 6 1
[15823996 17 0 65536 14559001 167 ]
addi 5 1 2
[15823996 18 168 65536 14559001 167 ]
muli 2 256 2
[15823996 19 43008 65536 14559001 167 ]
gtrr 2 3 2
[15823996 20 0 65536 14559001 167 ]
addr 2 1 1
[15823996 21 0 65536 14559001 167 ]
addi 1 1 1
[15823996 23 0 65536 14559001 167 ]
addi 5 1 5
[15823996 24 0 65536 14559001 168 ]
seti 17 6 1
[15823996 17 0 65536 14559001 168 ]
addi 5 1 2
[15823996 18 169 65536 14559001 168 ]
muli 2 256 2
[15823996 19 43264 65536 14559001 168 ]
gtrr 2 3 2
[15823996 20 0 65536 14559001 168 ]
addr 2 1 1
[15823996 21 0 65536 14559001 168 ]
addi 1 1 1
[15823996 23 0 65536 14559001 168 ]
addi 5 1 5
[15823996 24 0 65536 14559001 169 ]
seti 17 6 1
[15823996 17 0 65536 14559001 169 ]
addi 5 1 2
[15823996 18 170 65536 14559001 169 ]
muli 2 256 2
[15823996 19 43520 65536 14559001 169 ]
gtrr 2 3 2
[15823996 20 0 65536 14559001 169 ]
addr 2 1 1
[15823996 21 0 65536 14559001 169 ]
addi 1 1 1
[15823996 23 0 65536 14559001 169 ]
addi 5 1 5
[15823996 24 0 65536 14559001 170 ]
seti 17 6 1
[15823996 17 0 65536 14559001 170 ]
addi 5 1 2
[15823996 18 171 65536 14559001 170 ]
muli 2 256 2
[15823996 19 43776 65536 14559001 170 ]
gtrr 2 3 2
[15823996 20 0 65536 14559001 170 ]
addr 2 1 1
[15823996 21 0 65536 14559001 170 ]
addi 1 1 1
[15823996 23 0 65536 14559001 170 ]
addi 5 1 5
[15823996 24 0 65536 14559001 171 ]
seti 17 6 1
[15823996 17 0 65536 14559001 171 ]
addi 5 1 2
[15823996 18 172 65536 14559001 171 ]
muli 2 256 2
[15823996 19 44032 65536 14559001 171 ]
gtrr 2 3 2
[15823996 20 0 65536 14559001 171 ]
addr 2 1 1
[15823996 21 0 65536 14559001 171 ]
addi 1 1 1
[15823996 23 0 65536 14559001 171 ]
addi 5 1 5
[15823996 24 0 65536 14559001 172 ]
seti 17 6 1
[15823996 17 0 65536 14559001 172 ]
addi 5 1 2
[15823996 18 173 65536 14559001 172 ]
muli 2 256 2
[15823996 19 44288 65536 14559001 172 ]
gtrr 2 3 2
[15823996 20 0 65536 14559001 172 ]
addr 2 1 1
[15823996 21 0 65536 14559001 172 ]
addi 1 1 1
[15823996 23 0 65536 14559001 172 ]
addi 5 1 5
[15823996 24 0 65536 14559001 173 ]
seti 17 6 1
[15823996 17 0 65536 14559001 173 ]
addi 5 1 2
[15823996 18 174 65536 14559001 173 ]
muli 2 256 2
[15823996 19 44544 65536 14559001 173 ]
gtrr 2 3 2
[15823996 20 0 65536 14559001 173 ]
addr 2 1 1
[15823996 21 0 65536 14559001 173 ]
addi 1 1 1
[15823996 23 0 65536 14559001 173 ]
addi 5 1 5
[15823996 24 0 65536 14559001 174 ]
seti 17 6 1
[15823996 17 0 65536 14559001 174 ]
addi 5 1 2
[15823996 18 175 65536 14559001 174 ]
muli 2 256 2
[15823996 19 44800 65536 14559001 174 ]
gtrr 2 3 2
[15823996 20 0 65536 14559001 174 ]
addr 2 1 1
[15823996 21 0 65536 14559001 174 ]
addi 1 1 1
[15823996 23 0 65536 14559001 174 ]
addi 5 1 5
[15823996 24 0 65536 14559001 175 ]
seti 17 6 1
[15823996 17 0 65536 14559001 175 ]
addi 5 1 2
[15823996 18 176 65536 14559001 175 ]
muli 2 256 2
[15823996 19 45056 65536 14559001 175 ]
gtrr 2 3 2
[15823996 20 0 65536 14559001 175 ]
addr 2 1 1
[15823996 21 0 65536 14559001 175 ]
addi 1 1 1
[15823996 23 0 65536 14559001 175 ]
addi 5 1 5
[15823996 24 0 65536 14559001 176 ]
seti 17 6 1
[15823996 17 0 65536 14559001 176 ]
addi 5 1 2
[15823996 18 177 65536 14559001 176 ]
muli 2 256 2
[15823996 19 45312 65536 14559001 176 ]
gtrr 2 3 2
[15823996 20 0 65536 14559001 176 ]
addr 2 1 1
[15823996 21 0 65536 14559001 176 ]
addi 1 1 1
[15823996 23 0 65536 14559001 176 ]
addi 5 1 5
[15823996 24 0 65536 14559001 177 ]
seti 17 6 1
[15823996 17 0 65536 14559001 177 ]
addi 5 1 2
[15823996 18 178 65536 14559001 177 ]
muli 2 256 2
[15823996 19 45568 65536 14559001 177 ]
gtrr 2 3 2
[15823996 20 0 65536 14559001 177 ]
addr 2 1 1
[15823996 21 0 65536 14559001 177 ]
addi 1 1 1
[15823996 23 0 65536 14559001 177 ]
addi 5 1 5
[15823996 24 0 65536 14559001 178 ]
seti 17 6 1
[15823996 17 0 65536 14559001 178 ]
addi 5 1 2
[15823996 18 179 65536 14559001 178 ]
muli 2 256 2
[15823996 19 45824 65536 14559001 178 ]
gtrr 2 3 2
[15823996 20 0 65536 14559001 178 ]
addr 2 1 1
[15823996 21 0 65536 14559001 178 ]
addi 1 1 1
[15823996 23 0 65536 14559001 178 ]
addi 5 1 5
[15823996 24 0 65536 14559001 179 ]
seti 17 6 1
[15823996 17 0 65536 14559001 179 ]
addi 5 1 2
[15823996 18 180 65536 14559001 179 ]
muli 2 256 2
[15823996 19 46080 65536 14559001 179 ]
gtrr 2 3 2
[15823996 20 0 65536 14559001 179 ]
addr 2 1 1
[15823996 21 0 65536 14559001 179 ]
addi 1 1 1
[15823996 23 0 65536 14559001 179 ]
addi 5 1 5
[15823996 24 0 65536 14559001 180 ]
seti 17 6 1
[15823996 17 0 65536 14559001 180 ]
addi 5 1 2
[15823996 18 181 65536 14559001 180 ]
muli 2 256 2
[15823996 19 46336 65536 14559001 180 ]
gtrr 2 3 2
[15823996 20 0 65536 14559001 180 ]
addr 2 1 1
[15823996 21 0 65536 14559001 180 ]
addi 1 1 1
[15823996 23 0 65536 14559001 180 ]
addi 5 1 5
[15823996 24 0 65536 14559001 181 ]
seti 17 6 1
[15823996 17 0 65536 14559001 181 ]
addi 5 1 2
[15823996 18 182 65536 14559001 181 ]
muli 2 256 2
[15823996 19 46592 65536 14559001 181 ]
gtrr 2 3 2
[15823996 20 0 65536 14559001 181 ]
addr 2 1 1
[15823996 21 0 65536 14559001 181 ]
addi 1 1 1
[15823996 23 0 65536 14559001 181 ]
addi 5 1 5
[15823996 24 0 65536 14559001 182 ]
seti 17 6 1
[15823996 17 0 65536 14559001 182 ]
addi 5 1 2
[15823996 18 183 65536 14559001 182 ]
muli 2 256 2
[15823996 19 46848 65536 14559001 182 ]
gtrr 2 3 2
[15823996 20 0 65536 14559001 182 ]
addr 2 1 1
[15823996 21 0 65536 14559001 182 ]
addi 1 1 1
[15823996 23 0 65536 14559001 182 ]
addi 5 1 5
[15823996 24 0 65536 14559001 183 ]
seti 17 6 1
[15823996 17 0 65536 14559001 183 ]
addi 5 1 2
[15823996 18 184 65536 14559001 183 ]
muli 2 256 2
[15823996 19 47104 65536 14559001 183 ]
gtrr 2 3 2
[15823996 20 0 65536 14559001 183 ]
addr 2 1 1
[15823996 21 0 65536 14559001 183 ]
addi 1 1 1
[15823996 23 0 65536 14559001 183 ]
addi 5 1 5
[15823996 24 0 65536 14559001 184 ]
seti 17 6 1
[15823996 17 0 65536 14559001 184 ]
addi 5 1 2
[15823996 18 185 65536 14559001 184 ]
muli 2 256 2
[15823996 19 47360 65536 14559001 184 ]
gtrr 2 3 2
[15823996 20 0 65536 14559001 184 ]
addr 2 1 1
[15823996 21 0 65536 14559001 184 ]
addi 1 1 1
[15823996 23 0 65536 14559001 184 ]
addi 5 1 5
[15823996 24 0 65536 14559001 185 ]
seti 17 6 1
[15823996 17 0 65536 14559001 185 ]
addi 5 1 2
[15823996 18 186 65536 14559001 185 ]
muli 2 256 2
[15823996 19 47616 65536 14559001 185 ]
gtrr 2 3 2
[15823996 20 0 65536 14559001 185 ]
addr 2 1 1
[15823996 21 0 65536 14559001 185 ]
addi 1 1 1
[15823996 23 0 65536 14559001 185 ]
addi 5 1 5
[15823996 24 0 65536 14559001 186 ]
seti 17 6 1
[15823996 17 0 65536 14559001 186 ]
addi 5 1 2
[15823996 18 187 65536 14559001 186 ]
muli 2 256 2
[15823996 19 47872 65536 14559001 186 ]
gtrr 2 3 2
[15823996 20 0 65536 14559001 186 ]
addr 2 1 1
[15823996 21 0 65536 14559001 186 ]
addi 1 1 1
[15823996 23 0 65536 14559001 186 ]
addi 5 1 5
[15823996 24 0 65536 14559001 187 ]
seti 17 6 1
[15823996 17 0 65536 14559001 187 ]
addi 5 1 2
[15823996 18 188 65536 14559001 187 ]
muli 2 256 2
[15823996 19 48128 65536 14559001 187 ]
gtrr 2 3 2
[15823996 20 0 65536 14559001 187 ]
addr 2 1 1
[15823996 21 0 65536 14559001 187 ]
addi 1 1 1
[15823996 23 0 65536 14559001 187 ]
addi 5 1 5
[15823996 24 0 65536 14559001 188 ]
seti 17 6 1
[15823996 17 0 65536 14559001 188 ]
addi 5 1 2
[15823996 18 189 65536 14559001 188 ]
muli 2 256 2
[15823996 19 48384 65536 14559001 188 ]
gtrr 2 3 2
[15823996 20 0 65536 14559001 188 ]
addr 2 1 1
[15823996 21 0 65536 14559001 188 ]
addi 1 1 1
[15823996 23 0 65536 14559001 188 ]
addi 5 1 5
[15823996 24 0 65536 14559001 189 ]
seti 17 6 1
[15823996 17 0 65536 14559001 189 ]
addi 5 1 2
[15823996 18 190 65536 14559001 189 ]
muli 2 256 2
[15823996 19 48640 65536 14559001 189 ]
gtrr 2 3 2
[15823996 20 0 65536 14559001 189 ]
addr 2 1 1
[15823996 21 0 65536 14559001 189 ]
addi 1 1 1
[15823996 23 0 65536 14559001 189 ]
addi 5 1 5
[15823996 24 0 65536 14559001 190 ]
seti 17 6 1
[15823996 17 0 65536 14559001 190 ]
addi 5 1 2
[15823996 18 191 65536 14559001 190 ]
muli 2 256 2
[15823996 19 48896 65536 14559001 190 ]
gtrr 2 3 2
[15823996 20 0 65536 14559001 190 ]
addr 2 1 1
[15823996 21 0 65536 14559001 190 ]
addi 1 1 1
[15823996 23 0 65536 14559001 190 ]
addi 5 1 5
[15823996 24 0 65536 14559001 191 ]
seti 17 6 1
[15823996 17 0 65536 14559001 191 ]
addi 5 1 2
[15823996 18 192 65536 14559001 191 ]
muli 2 256 2
[15823996 19 49152 65536 14559001 191 ]
gtrr 2 3 2
[15823996 20 0 65536 14559001 191 ]
addr 2 1 1
[15823996 21 0 65536 14559001 191 ]
addi 1 1 1
[15823996 23 0 65536 14559001 191 ]
addi 5 1 5
[15823996 24 0 65536 14559001 192 ]
seti 17 6 1
[15823996 17 0 65536 14559001 192 ]
addi 5 1 2
[15823996 18 193 65536 14559001 192 ]
muli 2 256 2
[15823996 19 49408 65536 14559001 192 ]
gtrr 2 3 2
[15823996 20 0 65536 14559001 192 ]
addr 2 1 1
[15823996 21 0 65536 14559001 192 ]
addi 1 1 1
[15823996 23 0 65536 14559001 192 ]
addi 5 1 5
[15823996 24 0 65536 14559001 193 ]
seti 17 6 1
[15823996 17 0 65536 14559001 193 ]
addi 5 1 2
[15823996 18 194 65536 14559001 193 ]
muli 2 256 2
[15823996 19 49664 65536 14559001 193 ]
gtrr 2 3 2
[15823996 20 0 65536 14559001 193 ]
addr 2 1 1
[15823996 21 0 65536 14559001 193 ]
addi 1 1 1
[15823996 23 0 65536 14559001 193 ]
addi 5 1 5
[15823996 24 0 65536 14559001 194 ]
seti 17 6 1
[15823996 17 0 65536 14559001 194 ]
addi 5 1 2
[15823996 18 195 65536 14559001 194 ]
muli 2 256 2
[15823996 19 49920 65536 14559001 194 ]
gtrr 2 3 2
[15823996 20 0 65536 14559001 194 ]
addr 2 1 1
[15823996 21 0 65536 14559001 194 ]
addi 1 1 1
[15823996 23 0 65536 14559001 194 ]
addi 5 1 5
[15823996 24 0 65536 14559001 195 ]
seti 17 6 1
[15823996 17 0 65536 14559001 195 ]
addi 5 1 2
[15823996 18 196 65536 14559001 195 ]
muli 2 256 2
[15823996 19 50176 65536 14559001 195 ]
gtrr 2 3 2
[15823996 20 0 65536 14559001 195 ]
addr 2 1 1
[15823996 21 0 65536 14559001 195 ]
addi 1 1 1
[15823996 23 0 65536 14559001 195 ]
addi 5 1 5
[15823996 24 0 65536 14559001 196 ]
seti 17 6 1
[15823996 17 0 65536 14559001 196 ]
addi 5 1 2
[15823996 18 197 65536 14559001 196 ]
muli 2 256 2
[15823996 19 50432 65536 14559001 196 ]
gtrr 2 3 2
[15823996 20 0 65536 14559001 196 ]
addr 2 1 1
[15823996 21 0 65536 14559001 196 ]
addi 1 1 1
[15823996 23 0 65536 14559001 196 ]
addi 5 1 5
[15823996 24 0 65536 14559001 197 ]
seti 17 6 1
[15823996 17 0 65536 14559001 197 ]
addi 5 1 2
[15823996 18 198 65536 14559001 197 ]
muli 2 256 2
[15823996 19 50688 65536 14559001 197 ]
gtrr 2 3 2
[15823996 20 0 65536 14559001 197 ]
addr 2 1 1
[15823996 21 0 65536 14559001 197 ]
addi 1 1 1
[15823996 23 0 65536 14559001 197 ]
addi 5 1 5
[15823996 24 0 65536 14559001 198 ]
seti 17 6 1
[15823996 17 0 65536 14559001 198 ]
addi 5 1 2
[15823996 18 199 65536 14559001 198 ]
muli 2 256 2
[15823996 19 50944 65536 14559001 198 ]
gtrr 2 3 2
[15823996 20 0 65536 14559001 198 ]
addr 2 1 1
[15823996 21 0 65536 14559001 198 ]
addi 1 1 1
[15823996 23 0 65536 14559001 198 ]
addi 5 1 5
[15823996 24 0 65536 14559001 199 ]
seti 17 6 1
[15823996 17 0 65536 14559001 199 ]
addi 5 1 2
[15823996 18 200 65536 14559001 199 ]
muli 2 256 2
[15823996 19 51200 65536 14559001 199 ]
gtrr 2 3 2
[15823996 20 0 65536 14559001 199 ]
addr 2 1 1
[15823996 21 0 65536 14559001 199 ]
addi 1 1 1
[15823996 23 0 65536 14559001 199 ]
addi 5 1 5
[15823996 24 0 65536 14559001 200 ]
seti 17 6 1
[15823996 17 0 65536 14559001 200 ]
addi 5 1 2
[15823996 18 201 65536 14559001 200 ]
muli 2 256 2
[15823996 19 51456 65536 14559001 200 ]
gtrr 2 3 2
[15823996 20 0 65536 14559001 200 ]
addr 2 1 1
[15823996 21 0 65536 14559001 200 ]
addi 1 1 1
[15823996 23 0 65536 14559001 200 ]
addi 5 1 5
[15823996 24 0 65536 14559001 201 ]
seti 17 6 1
[15823996 17 0 65536 14559001 201 ]
addi 5 1 2
[15823996 18 202 65536 14559001 201 ]
muli 2 256 2
[15823996 19 51712 65536 14559001 201 ]
gtrr 2 3 2
[15823996 20 0 65536 14559001 201 ]
addr 2 1 1
[15823996 21 0 65536 14559001 201 ]
addi 1 1 1
[15823996 23 0 65536 14559001 201 ]
addi 5 1 5
[15823996 24 0 65536 14559001 202 ]
seti 17 6 1
[15823996 17 0 65536 14559001 202 ]
addi 5 1 2
[15823996 18 203 65536 14559001 202 ]
muli 2 256 2
[15823996 19 51968 65536 14559001 202 ]
gtrr 2 3 2
[15823996 20 0 65536 14559001 202 ]
addr 2 1 1
[15823996 21 0 65536 14559001 202 ]
addi 1 1 1
[15823996 23 0 65536 14559001 202 ]
addi 5 1 5
[15823996 24 0 65536 14559001 203 ]
seti 17 6 1
[15823996 17 0 65536 14559001 203 ]
addi 5 1 2
[15823996 18 204 65536 14559001 203 ]
muli 2 256 2
[15823996 19 52224 65536 14559001 203 ]
gtrr 2 3 2
[15823996 20 0 65536 14559001 203 ]
addr 2 1 1
[15823996 21 0 65536 14559001 203 ]
addi 1 1 1
[15823996 23 0 65536 14559001 203 ]
addi 5 1 5
[15823996 24 0 65536 14559001 204 ]
seti 17 6 1
[15823996 17 0 65536 14559001 204 ]
addi 5 1 2
[15823996 18 205 65536 14559001 204 ]
muli 2 256 2
[15823996 19 52480 65536 14559001 204 ]
gtrr 2 3 2
[15823996 20 0 65536 14559001 204 ]
addr 2 1 1
[15823996 21 0 65536 14559001 204 ]
addi 1 1 1
[15823996 23 0 65536 14559001 204 ]
addi 5 1 5
[15823996 24 0 65536 14559001 205 ]
seti 17 6 1
[15823996 17 0 65536 14559001 205 ]
addi 5 1 2
[15823996 18 206 65536 14559001 205 ]
muli 2 256 2
[15823996 19 52736 65536 14559001 205 ]
gtrr 2 3 2
[15823996 20 0 65536 14559001 205 ]
addr 2 1 1
[15823996 21 0 65536 14559001 205 ]
addi 1 1 1
[15823996 23 0 65536 14559001 205 ]
addi 5 1 5
[15823996 24 0 65536 14559001 206 ]
seti 17 6 1
[15823996 17 0 65536 14559001 206 ]
addi 5 1 2
[15823996 18 207 65536 14559001 206 ]
muli 2 256 2
[15823996 19 52992 65536 14559001 206 ]
gtrr 2 3 2
[15823996 20 0 65536 14559001 206 ]
addr 2 1 1
[15823996 21 0 65536 14559001 206 ]
addi 1 1 1
[15823996 23 0 65536 14559001 206 ]
addi 5 1 5
[15823996 24 0 65536 14559001 207 ]
seti 17 6 1
[15823996 17 0 65536 14559001 207 ]
addi 5 1 2
[15823996 18 208 65536 14559001 207 ]
muli 2 256 2
[15823996 19 53248 65536 14559001 207 ]
gtrr 2 3 2
[15823996 20 0 65536 14559001 207 ]
addr 2 1 1
[15823996 21 0 65536 14559001 207 ]
addi 1 1 1
[15823996 23 0 65536 14559001 207 ]
addi 5 1 5
[15823996 24 0 65536 14559001 208 ]
seti 17 6 1
[15823996 17 0 65536 14559001 208 ]
addi 5 1 2
[15823996 18 209 65536 14559001 208 ]
muli 2 256 2
[15823996 19 53504 65536 14559001 208 ]
gtrr 2 3 2
[15823996 20 0 65536 14559001 208 ]
addr 2 1 1
[15823996 21 0 65536 14559001 208 ]
addi 1 1 1
[15823996 23 0 65536 14559001 208 ]
addi 5 1 5
[15823996 24 0 65536 14559001 209 ]
seti 17 6 1
[15823996 17 0 65536 14559001 209 ]
addi 5 1 2
[15823996 18 210 65536 14559001 209 ]
muli 2 256 2
[15823996 19 53760 65536 14559001 209 ]
gtrr 2 3 2
[15823996 20 0 65536 14559001 209 ]
addr 2 1 1
[15823996 21 0 65536 14559001 209 ]
addi 1 1 1
[15823996 23 0 65536 14559001 209 ]
addi 5 1 5
[15823996 24 0 65536 14559001 210 ]
seti 17 6 1
[15823996 17 0 65536 14559001 210 ]
addi 5 1 2
[15823996 18 211 65536 14559001 210 ]
muli 2 256 2
[15823996 19 54016 65536 14559001 210 ]
gtrr 2 3 2
[15823996 20 0 65536 14559001 210 ]
addr 2 1 1
[15823996 21 0 65536 14559001 210 ]
addi 1 1 1
[15823996 23 0 65536 14559001 210 ]
addi 5 1 5
[15823996 24 0 65536 14559001 211 ]
seti 17 6 1
[15823996 17 0 65536 14559001 211 ]
addi 5 1 2
[15823996 18 212 65536 14559001 211 ]
muli 2 256 2
[15823996 19 54272 65536 14559001 211 ]
gtrr 2 3 2
[15823996 20 0 65536 14559001 211 ]
addr 2 1 1
[15823996 21 0 65536 14559001 211 ]
addi 1 1 1
[15823996 23 0 65536 14559001 211 ]
addi 5 1 5
[15823996 24 0 65536 14559001 212 ]
seti 17 6 1
[15823996 17 0 65536 14559001 212 ]
addi 5 1 2
[15823996 18 213 65536 14559001 212 ]
muli 2 256 2
[15823996 19 54528 65536 14559001 212 ]
gtrr 2 3 2
[15823996 20 0 65536 14559001 212 ]
addr 2 1 1
[15823996 21 0 65536 14559001 212 ]
addi 1 1 1
[15823996 23 0 65536 14559001 212 ]
addi 5 1 5
[15823996 24 0 65536 14559001 213 ]
seti 17 6 1
[15823996 17 0 65536 14559001 213 ]
addi 5 1 2
[15823996 18 214 65536 14559001 213 ]
muli 2 256 2
[15823996 19 54784 65536 14559001 213 ]
gtrr 2 3 2
[15823996 20 0 65536 14559001 213 ]
addr 2 1 1
[15823996 21 0 65536 14559001 213 ]
addi 1 1 1
[15823996 23 0 65536 14559001 213 ]
addi 5 1 5
[15823996 24 0 65536 14559001 214 ]
seti 17 6 1
[15823996 17 0 65536 14559001 214 ]
addi 5 1 2
[15823996 18 215 65536 14559001 214 ]
muli 2 256 2
[15823996 19 55040 65536 14559001 214 ]
gtrr 2 3 2
[15823996 20 0 65536 14559001 214 ]
addr 2 1 1
[15823996 21 0 65536 14559001 214 ]
addi 1 1 1
[15823996 23 0 65536 14559001 214 ]
addi 5 1 5
[15823996 24 0 65536 14559001 215 ]
seti 17 6 1
[15823996 17 0 65536 14559001 215 ]
addi 5 1 2
[15823996 18 216 65536 14559001 215 ]
muli 2 256 2
[15823996 19 55296 65536 14559001 215 ]
gtrr 2 3 2
[15823996 20 0 65536 14559001 215 ]
addr 2 1 1
[15823996 21 0 65536 14559001 215 ]
addi 1 1 1
[15823996 23 0 65536 14559001 215 ]
addi 5 1 5
[15823996 24 0 65536 14559001 216 ]
seti 17 6 1
[15823996 17 0 65536 14559001 216 ]
addi 5 1 2
[15823996 18 217 65536 14559001 216 ]
muli 2 256 2
[15823996 19 55552 65536 14559001 216 ]
gtrr 2 3 2
[15823996 20 0 65536 14559001 216 ]
addr 2 1 1
[15823996 21 0 65536 14559001 216 ]
addi 1 1 1
[15823996 23 0 65536 14559001 216 ]
addi 5 1 5
[15823996 24 0 65536 14559001 217 ]
seti 17 6 1
[15823996 17 0 65536 14559001 217 ]
addi 5 1 2
[15823996 18 218 65536 14559001 217 ]
muli 2 256 2
[15823996 19 55808 65536 14559001 217 ]
gtrr 2 3 2
[15823996 20 0 65536 14559001 217 ]
addr 2 1 1
[15823996 21 0 65536 14559001 217 ]
addi 1 1 1
[15823996 23 0 65536 14559001 217 ]
addi 5 1 5
[15823996 24 0 65536 14559001 218 ]
seti 17 6 1
[15823996 17 0 65536 14559001 218 ]
addi 5 1 2
[15823996 18 219 65536 14559001 218 ]
muli 2 256 2
[15823996 19 56064 65536 14559001 218 ]
gtrr 2 3 2
[15823996 20 0 65536 14559001 218 ]
addr 2 1 1
[15823996 21 0 65536 14559001 218 ]
addi 1 1 1
[15823996 23 0 65536 14559001 218 ]
addi 5 1 5
[15823996 24 0 65536 14559001 219 ]
seti 17 6 1
[15823996 17 0 65536 14559001 219 ]
addi 5 1 2
[15823996 18 220 65536 14559001 219 ]
muli 2 256 2
[15823996 19 56320 65536 14559001 219 ]
gtrr 2 3 2
[15823996 20 0 65536 14559001 219 ]
addr 2 1 1
[15823996 21 0 65536 14559001 219 ]
addi 1 1 1
[15823996 23 0 65536 14559001 219 ]
addi 5 1 5
[15823996 24 0 65536 14559001 220 ]
seti 17 6 1
[15823996 17 0 65536 14559001 220 ]
addi 5 1 2
[15823996 18 221 65536 14559001 220 ]
muli 2 256 2
[15823996 19 56576 65536 14559001 220 ]
gtrr 2 3 2
[15823996 20 0 65536 14559001 220 ]
addr 2 1 1
[15823996 21 0 65536 14559001 220 ]
addi 1 1 1
[15823996 23 0 65536 14559001 220 ]
addi 5 1 5
[15823996 24 0 65536 14559001 221 ]
seti 17 6 1
[15823996 17 0 65536 14559001 221 ]
addi 5 1 2
[15823996 18 222 65536 14559001 221 ]
muli 2 256 2
[15823996 19 56832 65536 14559001 221 ]
gtrr 2 3 2
[15823996 20 0 65536 14559001 221 ]
addr 2 1 1
[15823996 21 0 65536 14559001 221 ]
addi 1 1 1
[15823996 23 0 65536 14559001 221 ]
addi 5 1 5
[15823996 24 0 65536 14559001 222 ]
seti 17 6 1
[15823996 17 0 65536 14559001 222 ]
addi 5 1 2
[15823996 18 223 65536 14559001 222 ]
muli 2 256 2
[15823996 19 57088 65536 14559001 222 ]
gtrr 2 3 2
[15823996 20 0 65536 14559001 222 ]
addr 2 1 1
[15823996 21 0 65536 14559001 222 ]
addi 1 1 1
[15823996 23 0 65536 14559001 222 ]
addi 5 1 5
[15823996 24 0 65536 14559001 223 ]
seti 17 6 1
[15823996 17 0 65536 14559001 223 ]
addi 5 1 2
[15823996 18 224 65536 14559001 223 ]
muli 2 256 2
[15823996 19 57344 65536 14559001 223 ]
gtrr 2 3 2
[15823996 20 0 65536 14559001 223 ]
addr 2 1 1
[15823996 21 0 65536 14559001 223 ]
addi 1 1 1
[15823996 23 0 65536 14559001 223 ]
addi 5 1 5
[15823996 24 0 65536 14559001 224 ]
seti 17 6 1
[15823996 17 0 65536 14559001 224 ]
addi 5 1 2
[15823996 18 225 65536 14559001 224 ]
muli 2 256 2
[15823996 19 57600 65536 14559001 224 ]
gtrr 2 3 2
[15823996 20 0 65536 14559001 224 ]
addr 2 1 1
[15823996 21 0 65536 14559001 224 ]
addi 1 1 1
[15823996 23 0 65536 14559001 224 ]
addi 5 1 5
[15823996 24 0 65536 14559001 225 ]
seti 17 6 1
[15823996 17 0 65536 14559001 225 ]
addi 5 1 2
[15823996 18 226 65536 14559001 225 ]
muli 2 256 2
[15823996 19 57856 65536 14559001 225 ]
gtrr 2 3 2
[15823996 20 0 65536 14559001 225 ]
addr 2 1 1
[15823996 21 0 65536 14559001 225 ]
addi 1 1 1
[15823996 23 0 65536 14559001 225 ]
addi 5 1 5
[15823996 24 0 65536 14559001 226 ]
seti 17 6 1
[15823996 17 0 65536 14559001 226 ]
addi 5 1 2
[15823996 18 227 65536 14559001 226 ]
muli 2 256 2
[15823996 19 58112 65536 14559001 226 ]
gtrr 2 3 2
[15823996 20 0 65536 14559001 226 ]
addr 2 1 1
[15823996 21 0 65536 14559001 226 ]
addi 1 1 1
[15823996 23 0 65536 14559001 226 ]
addi 5 1 5
[15823996 24 0 65536 14559001 227 ]
seti 17 6 1
[15823996 17 0 65536 14559001 227 ]
addi 5 1 2
[15823996 18 228 65536 14559001 227 ]
muli 2 256 2
[15823996 19 58368 65536 14559001 227 ]
gtrr 2 3 2
[15823996 20 0 65536 14559001 227 ]
addr 2 1 1
[15823996 21 0 65536 14559001 227 ]
addi 1 1 1
[15823996 23 0 65536 14559001 227 ]
addi 5 1 5
[15823996 24 0 65536 14559001 228 ]
seti 17 6 1
[15823996 17 0 65536 14559001 228 ]
addi 5 1 2
[15823996 18 229 65536 14559001 228 ]
muli 2 256 2
[15823996 19 58624 65536 14559001 228 ]
gtrr 2 3 2
[15823996 20 0 65536 14559001 228 ]
addr 2 1 1
[15823996 21 0 65536 14559001 228 ]
addi 1 1 1
[15823996 23 0 65536 14559001 228 ]
addi 5 1 5
[15823996 24 0 65536 14559001 229 ]
seti 17 6 1
[15823996 17 0 65536 14559001 229 ]
addi 5 1 2
[15823996 18 230 65536 14559001 229 ]
muli 2 256 2
[15823996 19 58880 65536 14559001 229 ]
gtrr 2 3 2
[15823996 20 0 65536 14559001 229 ]
addr 2 1 1
[15823996 21 0 65536 14559001 229 ]
addi 1 1 1
[15823996 23 0 65536 14559001 229 ]
addi 5 1 5
[15823996 24 0 65536 14559001 230 ]
seti 17 6 1
[15823996 17 0 65536 14559001 230 ]
addi 5 1 2
[15823996 18 231 65536 14559001 230 ]
muli 2 256 2
[15823996 19 59136 65536 14559001 230 ]
gtrr 2 3 2
[15823996 20 0 65536 14559001 230 ]
addr 2 1 1
[15823996 21 0 65536 14559001 230 ]
addi 1 1 1
[15823996 23 0 65536 14559001 230 ]
addi 5 1 5
[15823996 24 0 65536 14559001 231 ]
seti 17 6 1
[15823996 17 0 65536 14559001 231 ]
addi 5 1 2
[15823996 18 232 65536 14559001 231 ]
muli 2 256 2
[15823996 19 59392 65536 14559001 231 ]
gtrr 2 3 2
[15823996 20 0 65536 14559001 231 ]
addr 2 1 1
[15823996 21 0 65536 14559001 231 ]
addi 1 1 1
[15823996 23 0 65536 14559001 231 ]
addi 5 1 5
[15823996 24 0 65536 14559001 232 ]
seti 17 6 1
[15823996 17 0 65536 14559001 232 ]
addi 5 1 2
[15823996 18 233 65536 14559001 232 ]
muli 2 256 2
[15823996 19 59648 65536 14559001 232 ]
gtrr 2 3 2
[15823996 20 0 65536 14559001 232 ]
addr 2 1 1
[15823996 21 0 65536 14559001 232 ]
addi 1 1 1
[15823996 23 0 65536 14559001 232 ]
addi 5 1 5
[15823996 24 0 65536 14559001 233 ]
seti 17 6 1
[15823996 17 0 65536 14559001 233 ]
addi 5 1 2
[15823996 18 234 65536 14559001 233 ]
muli 2 256 2
[15823996 19 59904 65536 14559001 233 ]
gtrr 2 3 2
[15823996 20 0 65536 14559001 233 ]
addr 2 1 1
[15823996 21 0 65536 14559001 233 ]
addi 1 1 1
[15823996 23 0 65536 14559001 233 ]
addi 5 1 5
[15823996 24 0 65536 14559001 234 ]
seti 17 6 1
[15823996 17 0 65536 14559001 234 ]
addi 5 1 2
[15823996 18 235 65536 14559001 234 ]
muli 2 256 2
[15823996 19 60160 65536 14559001 234 ]
gtrr 2 3 2
[15823996 20 0 65536 14559001 234 ]
addr 2 1 1
[15823996 21 0 65536 14559001 234 ]
addi 1 1 1
[15823996 23 0 65536 14559001 234 ]
addi 5 1 5
[15823996 24 0 65536 14559001 235 ]
seti 17 6 1
[15823996 17 0 65536 14559001 235 ]
addi 5 1 2
[15823996 18 236 65536 14559001 235 ]
muli 2 256 2
[15823996 19 60416 65536 14559001 235 ]
gtrr 2 3 2
[15823996 20 0 65536 14559001 235 ]
addr 2 1 1
[15823996 21 0 65536 14559001 235 ]
addi 1 1 1
[15823996 23 0 65536 14559001 235 ]
addi 5 1 5
[15823996 24 0 65536 14559001 236 ]
seti 17 6 1
[15823996 17 0 65536 14559001 236 ]
addi 5 1 2
[15823996 18 237 65536 14559001 236 ]
muli 2 256 2
[15823996 19 60672 65536 14559001 236 ]
gtrr 2 3 2
[15823996 20 0 65536 14559001 236 ]
addr 2 1 1
[15823996 21 0 65536 14559001 236 ]
addi 1 1 1
[15823996 23 0 65536 14559001 236 ]
addi 5 1 5
[15823996 24 0 65536 14559001 237 ]
seti 17 6 1
[15823996 17 0 65536 14559001 237 ]
addi 5 1 2
[15823996 18 238 65536 14559001 237 ]
muli 2 256 2
[15823996 19 60928 65536 14559001 237 ]
gtrr 2 3 2
[15823996 20 0 65536 14559001 237 ]
addr 2 1 1
[15823996 21 0 65536 14559001 237 ]
addi 1 1 1
[15823996 23 0 65536 14559001 237 ]
addi 5 1 5
[15823996 24 0 65536 14559001 238 ]
seti 17 6 1
[15823996 17 0 65536 14559001 238 ]
addi 5 1 2
[15823996 18 239 65536 14559001 238 ]
muli 2 256 2
[15823996 19 61184 65536 14559001 238 ]
gtrr 2 3 2
[15823996 20 0 65536 14559001 238 ]
addr 2 1 1
[15823996 21 0 65536 14559001 238 ]
addi 1 1 1
[15823996 23 0 65536 14559001 238 ]
addi 5 1 5
[15823996 24 0 65536 14559001 239 ]
seti 17 6 1
[15823996 17 0 65536 14559001 239 ]
addi 5 1 2
[15823996 18 240 65536 14559001 239 ]
muli 2 256 2
[15823996 19 61440 65536 14559001 239 ]
gtrr 2 3 2
[15823996 20 0 65536 14559001 239 ]
addr 2 1 1
[15823996 21 0 65536 14559001 239 ]
addi 1 1 1
[15823996 23 0 65536 14559001 239 ]
addi 5 1 5
[15823996 24 0 65536 14559001 240 ]
seti 17 6 1
[15823996 17 0 65536 14559001 240 ]
addi 5 1 2
[15823996 18 241 65536 14559001 240 ]
muli 2 256 2
[15823996 19 61696 65536 14559001 240 ]
gtrr 2 3 2
[15823996 20 0 65536 14559001 240 ]
addr 2 1 1
[15823996 21 0 65536 14559001 240 ]
addi 1 1 1
[15823996 23 0 65536 14559001 240 ]
addi 5 1 5
[15823996 24 0 65536 14559001 241 ]
seti 17 6 1
[15823996 17 0 65536 14559001 241 ]
addi 5 1 2
[15823996 18 242 65536 14559001 241 ]
muli 2 256 2
[15823996 19 61952 65536 14559001 241 ]
gtrr 2 3 2
[15823996 20 0 65536 14559001 241 ]
addr 2 1 1
[15823996 21 0 65536 14559001 241 ]
addi 1 1 1
[15823996 23 0 65536 14559001 241 ]
addi 5 1 5
[15823996 24 0 65536 14559001 242 ]
seti 17 6 1
[15823996 17 0 65536 14559001 242 ]
addi 5 1 2
[15823996 18 243 65536 14559001 242 ]
muli 2 256 2
[15823996 19 62208 65536 14559001 242 ]
gtrr 2 3 2
[15823996 20 0 65536 14559001 242 ]
addr 2 1 1
[15823996 21 0 65536 14559001 242 ]
addi 1 1 1
[15823996 23 0 65536 14559001 242 ]
addi 5 1 5
[15823996 24 0 65536 14559001 243 ]
seti 17 6 1
[15823996 17 0 65536 14559001 243 ]
addi 5 1 2
[15823996 18 244 65536 14559001 243 ]
muli 2 256 2
[15823996 19 62464 65536 14559001 243 ]
gtrr 2 3 2
[15823996 20 0 65536 14559001 243 ]
addr 2 1 1
[15823996 21 0 65536 14559001 243 ]
addi 1 1 1
[15823996 23 0 65536 14559001 243 ]
addi 5 1 5
[15823996 24 0 65536 14559001 244 ]
seti 17 6 1
[15823996 17 0 65536 14559001 244 ]
addi 5 1 2
[15823996 18 245 65536 14559001 244 ]
muli 2 256 2
[15823996 19 62720 65536 14559001 244 ]
gtrr 2 3 2
[15823996 20 0 65536 14559001 244 ]
addr 2 1 1
[15823996 21 0 65536 14559001 244 ]
addi 1 1 1
[15823996 23 0 65536 14559001 244 ]
addi 5 1 5
[15823996 24 0 65536 14559001 245 ]
seti 17 6 1
[15823996 17 0 65536 14559001 245 ]
addi 5 1 2
[15823996 18 246 65536 14559001 245 ]
muli 2 256 2
[15823996 19 62976 65536 14559001 245 ]
gtrr 2 3 2
[15823996 20 0 65536 14559001 245 ]
addr 2 1 1
[15823996 21 0 65536 14559001 245 ]
addi 1 1 1
[15823996 23 0 65536 14559001 245 ]
addi 5 1 5
[15823996 24 0 65536 14559001 246 ]
seti 17 6 1
[15823996 17 0 65536 14559001 246 ]
addi 5 1 2
[15823996 18 247 65536 14559001 246 ]
muli 2 256 2
[15823996 19 63232 65536 14559001 246 ]
gtrr 2 3 2
[15823996 20 0 65536 14559001 246 ]
addr 2 1 1
[15823996 21 0 65536 14559001 246 ]
addi 1 1 1
[15823996 23 0 65536 14559001 246 ]
addi 5 1 5
[15823996 24 0 65536 14559001 247 ]
seti 17 6 1
[15823996 17 0 65536 14559001 247 ]
addi 5 1 2
[15823996 18 248 65536 14559001 247 ]
muli 2 256 2
[15823996 19 63488 65536 14559001 247 ]
gtrr 2 3 2
[15823996 20 0 65536 14559001 247 ]
addr 2 1 1
[15823996 21 0 65536 14559001 247 ]
addi 1 1 1
[15823996 23 0 65536 14559001 247 ]
addi 5 1 5
[15823996 24 0 65536 14559001 248 ]
seti 17 6 1
[15823996 17 0 65536 14559001 248 ]
addi 5 1 2
[15823996 18 249 65536 14559001 248 ]
muli 2 256 2
[15823996 19 63744 65536 14559001 248 ]
gtrr 2 3 2
[15823996 20 0 65536 14559001 248 ]
addr 2 1 1
[15823996 21 0 65536 14559001 248 ]
addi 1 1 1
[15823996 23 0 65536 14559001 248 ]
addi 5 1 5
[15823996 24 0 65536 14559001 249 ]
seti 17 6 1
[15823996 17 0 65536 14559001 249 ]
addi 5 1 2
[15823996 18 250 65536 14559001 249 ]
muli 2 256 2
[15823996 19 64000 65536 14559001 249 ]
gtrr 2 3 2
[15823996 20 0 65536 14559001 249 ]
addr 2 1 1
[15823996 21 0 65536 14559001 249 ]
addi 1 1 1
[15823996 23 0 65536 14559001 249 ]
addi 5 1 5
[15823996 24 0 65536 14559001 250 ]
seti 17 6 1
[15823996 17 0 65536 14559001 250 ]
addi 5 1 2
[15823996 18 251 65536 14559001 250 ]
muli 2 256 2
[15823996 19 64256 65536 14559001 250 ]
gtrr 2 3 2
[15823996 20 0 65536 14559001 250 ]
addr 2 1 1
[15823996 21 0 65536 14559001 250 ]
addi 1 1 1
[15823996 23 0 65536 14559001 250 ]
addi 5 1 5
[15823996 24 0 65536 14559001 251 ]
seti 17 6 1
[15823996 17 0 65536 14559001 251 ]
addi 5 1 2
[15823996 18 252 65536 14559001 251 ]
muli 2 256 2
[15823996 19 64512 65536 14559001 251 ]
gtrr 2 3 2
[15823996 20 0 65536 14559001 251 ]
addr 2 1 1
[15823996 21 0 65536 14559001 251 ]
addi 1 1 1
[15823996 23 0 65536 14559001 251 ]
addi 5 1 5
[15823996 24 0 65536 14559001 252 ]
seti 17 6 1
[15823996 17 0 65536 14559001 252 ]
addi 5 1 2
[15823996 18 253 65536 14559001 252 ]
muli 2 256 2
[15823996 19 64768 65536 14559001 252 ]
gtrr 2 3 2
[15823996 20 0 65536 14559001 252 ]
addr 2 1 1
[15823996 21 0 65536 14559001 252 ]
addi 1 1 1
[15823996 23 0 65536 14559001 252 ]
addi 5 1 5
[15823996 24 0 65536 14559001 253 ]
seti 17 6 1
[15823996 17 0 65536 14559001 253 ]
addi 5 1 2
[15823996 18 254 65536 14559001 253 ]
muli 2 256 2
[15823996 19 65024 65536 14559001 253 ]
gtrr 2 3 2
[15823996 20 0 65536 14559001 253 ]
addr 2 1 1
[15823996 21 0 65536 14559001 253 ]
addi 1 1 1
[15823996 23 0 65536 14559001 253 ]
addi 5 1 5
[15823996 24 0 65536 14559001 254 ]
seti 17 6 1
[15823996 17 0 65536 14559001 254 ]
addi 5 1 2
[15823996 18 255 65536 14559001 254 ]
muli 2 256 2
[15823996 19 65280 65536 14559001 254 ]
gtrr 2 3 2
[15823996 20 0 65536 14559001 254 ]
addr 2 1 1
[15823996 21 0 65536 14559001 254 ]
addi 1 1 1
[15823996 23 0 65536 14559001 254 ]
addi 5 1 5
[15823996 24 0 65536 14559001 255 ]
seti 17 6 1
[15823996 17 0 65536 14559001 255 ]
addi 5 1 2
[15823996 18 256 65536 14559001 255 ]
muli 2 256 2
[15823996 19 65536 65536 14559001 255 ]
gtrr 2 3 2
[15823996 20 0 65536 14559001 255 ]
addr 2 1 1
[15823996 21 0 65536 14559001 255 ]
addi 1 1 1
[15823996 23 0 65536 14559001 255 ]
addi 5 1 5
[15823996 24 0 65536 14559001 256 ]
seti 17 6 1
[15823996 17 0 65536 14559001 256 ]
addi 5 1 2
[15823996 18 257 65536 14559001 256 ]
muli 2 256 2
[15823996 19 65792 65536 14559001 256 ]
gtrr 2 3 2
[15823996 20 1 65536 14559001 256 ]
addr 2 1 1
[15823996 22 1 65536 14559001 256 ]
seti 25 1 1
[15823996 25 1 65536 14559001 256 ]
setr 5 4 3
[15823996 26 1 256 14559001 256 ]
seti 7 5 1
[15823996 7 1 256 14559001 256 ]
bani 3 255 5
[15823996 8 1 256 14559001 0 ]
addr 4 5 4
[15823996 9 1 256 14559001 0 ]
bani 4 16777215 4
[15823996 10 1 256 14559001 0 ]
muli 4 65899 4
[15823996 11 1 256 959423606899 0 ]
bani 4 16777215 4
[15823996 12 1 256 1732723 0 ]
gtir 256 3 5
[15823996 13 1 256 1732723 0 ]
addr 5 1 1
[15823996 14 1 256 1732723 0 ]
addi 1 1 1
[15823996 16 1 256 1732723 0 ]
seti 0 7 5
[15823996 17 1 256 1732723 0 ]
addi 5 1 2
[15823996 18 1 256 1732723 0 ]
muli 2 256 2
[15823996 19 256 256 1732723 0 ]
gtrr 2 3 2
[15823996 20 0 256 1732723 0 ]
addr 2 1 1
[15823996 21 0 256 1732723 0 ]
addi 1 1 1
[15823996 23 0 256 1732723 0 ]
addi 5 1 5
[15823996 24 0 256 1732723 1 ]
seti 17 6 1
[15823996 17 0 256 1732723 1 ]
addi 5 1 2
[15823996 18 2 256 1732723 1 ]
muli 2 256 2
[15823996 19 512 256 1732723 1 ]
gtrr 2 3 2
[15823996 20 1 256 1732723 1 ]
addr 2 1 1
[15823996 22 1 256 1732723 1 ]
seti 25 1 1
[15823996 25 1 256 1732723 1 ]
setr 5 4 3
[15823996 26 1 1 1732723 1 ]
seti 7 5 1
[15823996 7 1 1 1732723 1 ]
bani 3 255 5
[15823996 8 1 1 1732723 1 ]
addr 4 5 4
[15823996 9 1 1 1732724 1 ]
bani 4 16777215 4
[15823996 10 1 1 1732724 1 ]
muli 4 65899 4
[15823996 11 1 1 114184778876 1 ]
bani 4 16777215 4
[15823996 12 1 1 15823996 1 ]
gtir 256 3 5
[15823996 13 1 1 15823996 1 ]
addr 5 1 1
[15823996 15 1 1 15823996 1 ]
seti 27 3 1
[15823996 27 1 1 15823996 1 ]
eqrr 4 0 5
[15823996 28 1 1 15823996 1 ]
addr 5 1 1
[15823996 30 1 1 15823996 1 ]
[1 1 1 1 0 1 1 1 3 3 3 3 3 3 3 2 1 2 259 259 259 259 257 2 257 257 2 2 1 1 0 ]

New winner: 15823996 1848
