Running input
0 1 0 130
1 4 0 66
2 8 0 67
3 16 0 68
4 22 0 69
5 33 0 70
6 43 0 71
7 59 0 72
8 68 0 73
9 88 0 74
10 105 0 75
11 126 0 76
12 142 0 77
13 164 0 78
14 179 0 79
15 205 0 80
16 227 0 81
17 268 0 82
18 291 0 83
19 335 0 84
20 356 0 85
21 406 0 86
22 427 0 87
23 488 0 88
24 506 0 89
25 574 0 90
26 585 0 91
27 662 0 92
28 671 0 93
29 763 0 94
30 772 0 95
31 859 0 96
32 870 0 97
33 963 0 98
34 974 0 99
35 1071 0 100
36 1076 0 101
37 1183 0 102
38 1196 0 103
39 1318 0 104
40 1341 0 105
41 1469 0 106
42 1485 0 107
43 1620 0 108
44 1634 0 109
45 1764 0 110
46 1785 0 111
47 1925 0 112
48 1949 0 113
49 2093 0 114
50 2118 0 115
51 2262 0 116
52 2281 0 117
53 2432 0 118
54 2456 0 119
55 2607 0 120
56 2632 0 121
57 2787 0 122
58 2817 0 123
59 2994 0 124
60 3027 0 125
61 3202 0 126
62 3272 0 127
63 3464 0 128
64 3542 0 129
65 3725 0 130
66 3806 -1 131
67 3993 -2 132
68 4078 -3 133
69 4231 -4 134
70 4312 -5 135
71 4464 -6 136
72 4556 -7 137
73 4712 -8 138
74 4818 -9 139
75 4973 -10 140
76 5068 -11 141
77 5225 -12 142
78 5328 -13 143
79 5502 -14 144
80 5593 -15 145
81 5771 -16 146
82 5854 -17 147
83 6033 -18 148
84 6138 -19 149
85 6324 -20 150
86 6431 -21 151
87 6616 -22 152
88 6732 -23 153
89 6932 -24 154
90 7036 -25 155
91 7241 -26 156
92 7335 -27 157
93 7538 -28 158
94 7652 -29 159
95 7865 -30 160
96 7959 -31 161
97 8184 -32 162
98 8275 -33 163
99 8511 -34 164
100 8617 -35 165
101 8854 -36 166
102 8961 -37 167
103 9206 -38 168
104 9317 -39 169
105 9557 -40 170
106 9669 -41 171
107 9912 -42 172
108 10031 -43 173
109 10268 -44 174
110 10408 -45 175
111 10650 -46 176
112 10790 -47 177
113 11022 -48 178
114 11178 -49 179
115 11392 -50 180
116 11568 -51 181
117 11771 -52 182
118 11962 -53 183
119 12174 -54 184
120 12369 -55 185
121 12571 -56 186
122 12776 -57 187
123 12990 -58 188
124 13198 -59 189
125 13390 -60 190
126 13610 -61 191
127 13825 -62 192
128 14042 -63 193
129 14259 -64 194
130 14474 -65 195
131 14691 -66 196
132 14907 -67 197
133 15146 -68 198
134 15368 -69 199
135 15605 -70 200
136 15811 -71 201
137 16049 -72 202
138 16273 -73 203
139 16503 -74 204
140 16752 -75 205
141 16988 -76 206
142 17230 -77 207
143 17454 -78 208
144 17694 -79 209
145 17918 -80 210
146 18179 -81 211
147 18387 -82 212
148 18695 -83 213
149 18888 -84 214
150 19212 -85 215
151 19393 -86 216
152 19731 -87 217
153 19894 -88 218
154 20260 -89 219
155 20408 -90 220
156 20780 -91 221
157 20911 -92 222
158 21304 -93 223
159 21437 -94 224
160 21862 -95 225
161 21985 -96 226
162 22389 -97 227
163 22505 -98 228
164 22924 -99 229
165 23039 -100 230
166 23446 -101 231
167 23554 -102 232
168 23974 -103 233
169 24104 -104 234
170 24561 -105 235
171 24705 -106 236
172 25159 -107 237
173 25303 -108 238
174 25759 -109 239
175 25891 -110 240
176 26333 -111 241
177 26478 -112 242
178 26944 -113 243
179 27082 -114 244
180 27553 -115 245
181 27691 -116 246
182 28159 -117 247
183 28294 -118 248
184 28756 -119 249
185 28911 -120 250
186 29364 -121 251
187 29516 -122 252
188 29984 -123 253
189 30140 -124 254
190 30656 -125 255
191 30801 -126 256
192 31306 -127 257
193 31527 -128 258
194 32100 -129 259
195 32346 -130 260
196 32896 -131 261
197 33135 -132 262
198 33688 -133 263
199 33931 -134 264
200 34412 -135 265
201 34603 -136 266
202 35073 -137 267
203 35288 -138 268
204 35759 -139 269
205 35995 -140 270
206 36459 -141 271
207 36666 -142 272
208 37139 -143 273
209 37364 -144 274
210 37865 -145 275
211 38067 -146 276
212 38565 -147 277
213 38754 -148 278
214 39250 -149 279
215 39488 -150 280
216 39991 -151 281
217 40215 -152 282
218 40715 -153 283
219 40962 -154 284
220 41491 -155 285
221 41716 -156 286
222 42244 -157 287
223 42446 -158 288
224 42967 -159 289
225 43208 -160 290
226 43730 -161 291
227 43928 -162 292
228 44471 -163 293
229 44659 -164 294
230 45218 -165 295
231 45438 -166 296
232 46008 -167 297
233 46222 -168 298
234 46803 -169 299
235 47030 -170 300
236 47576 -171 301
237 47809 -172 302
238 48359 -173 303
239 48616 -174 304
240 49146 -175 305
241 49445 -176 306
242 49980 -177 307
243 50283 -178 308
244 50795 -179 309
245 51127 -180 310
246 51587 -181 311
247 51954 -182 312
248 52386 -183 313
249 52781 -184 314
250 53223 -185 315
251 53625 -186 316
252 54051 -187 317
253 54470 -188 318
254 54918 -189 319
255 55348 -190 320
256 55746 -191 321
257 56192 -192 322
258 56630 -193 323
259 57068 -194 324
260 57505 -195 325
261 57936 -196 326
262 58369 -197 327
263 58798 -198 328
264 59272 -199 329
265 59708 -200 330
266 60176 -201 331
267 60577 -202 332
268 61043 -203 333
269 61475 -204 334
270 61926 -205 335
271 62404 -206 336
272 62859 -207 337
273 63322 -208 338
274 63754 -209 339
275 64212 -210 340
276 64645 -211 341
277 65141 -212 342
278 65535 -213 343
279 66110 -214 344
280 66473 -215 345
281 67077 -216 346
282 67418 -217 347
283 68044 -218 348
284 68349 -219 349
285 69020 -220 350
286 69298 -221 351
287 69974 -222 352
288 70225 -223 353
289 70934 -224 354
290 71191 -225 355
291 71949 -226 356
292 72186 -227 357
293 72907 -228 358
294 73128 -229 359
295 73873 -230 360
296 74092 -231 361
297 74809 -232 362
298 75020 -233 363
299 75753 -234 364
300 76000 -235 365
301 76792 -236 366
302 77057 -237 367
303 77837 -238 368
304 78109 -239 369
305 78886 -240 370
306 79136 -241 371
307 79890 -242 372
308 80159 -243 373
309 80951 -244 374
310 81203 -245 375
311 82001 -246 376
312 82252 -247 377
313 83044 -248 378
314 83295 -249 379
315 84068 -250 380
316 84354 -251 381
317 85109 -252 382
318 85388 -253 383
319 86169 -254 384
320 86451 -255 385
321 87306 -256 386
322 87563 -257 387
323 88398 -258 388
324 88770 -259 389
325 89724 -260 390
326 90138 -261 391
327 91055 -262 392
328 91452 -263 393
329 92371 -264 394
330 92772 -265 395
331 93581 -266 396
332 93882 -267 397
333 94670 -268 398
334 95008 -269 399
335 95794 -270 400
336 96160 -271 401
337 96933 -272 402
338 97252 -273 403
339 98041 -274 404
340 98388 -275 405
341 99216 -276 406
342 99529 -277 407
343 100347 -278 408
344 100642 -279 409
345 101455 -280 410
346 101826 -281 411
347 102646 -282 412
348 102987 -283 413
349 103802 -284 414
350 104180 -285 415
351 105038 -286 416
352 105384 -287 417
353 106235 -288 418
354 106545 -289 419
355 107384 -290 420
356 107752 -291 421
357 108583 -292 422
358 108885 -293 423
359 109746 -294 424
360 110031 -295 425
361 110913 -296 426
362 111247 -297 427
363 112150 -298 428
364 112471 -299 429
365 113388 -300 430
366 113731 -301 431
367 114583 -302 432
368 114937 -303 433
369 115794 -304 434
370 116189 -305 435
371 117012 -306 436
372 117470 -307 437
373 118298 -308 438
374 118764 -309 439
375 119556 -310 440
376 120064 -311 441
377 120770 -312 442
378 121328 -313 443
379 121989 -314 444
380 122588 -315 445
381 123260 -316 446
382 123869 -317 447
383 124519 -318 448
384 125152 -319 449
385 125834 -320 450
386 126486 -321 451
387 127090 -322 452
388 127762 -323 453
389 128423 -324 454
390 129082 -325 455
391 129739 -326 456
392 130386 -327 457
393 131035 -328 458
394 131677 -329 459
395 132386 -330 460
396 133036 -331 461
397 133735 -332 462
398 134331 -333 463
399 135025 -334 464
400 135665 -335 465
401 136337 -336 466
402 137044 -337 467
403 137718 -338 468
404 138402 -339 469
405 139042 -340 470
406 139718 -341 471
407 140360 -342 472
408 141091 -343 473
409 141671 -344 474
410 142513 -345 475
411 143046 -346 476
412 143930 -347 477
413 144431 -348 478
414 145345 -349 479
415 145792 -350 480
416 146768 -351 481
417 147176 -352 482
418 148156 -353 483
419 148527 -354 484
420 149552 -355 485
421 149933 -356 486
422 151024 -357 487
423 151375 -358 488
424 152413 -359 489
425 152739 -360 490
426 153810 -361 491
427 154133 -362 492
428 155160 -363 493
429 155474 -364 494
430 156520 -365 495
431 156884 -366 496
432 158011 -367 497
433 158397 -368 498
434 159503 -369 499
435 159903 -370 500
436 161001 -371 501
437 161369 -372 502
438 162435 -373 503
439 162828 -374 504
440 163946 -375 505
441 164312 -376 506
442 165437 -377 507
443 165801 -378 508
444 166917 -379 509
445 167284 -380 510
446 168368 -381 511
447 168785 -382 512
448 169842 -383 513
449 170248 -384 514
450 171342 -385 515
451 171750 -386 516
452 172944 -387 517
453 173313 -388 518
454 174478 -389 519
455 175001 -390 520
456 176336 -391 521
457 176918 -392 522
458 178202 -393 523
459 178757 -394 524
460 180042 -395 525
461 180601 -396 526
462 181738 -397 527
463 182149 -398 528
464 183255 -399 529
465 183716 -400 530
466 184817 -401 531
467 185313 -402 532
468 186395 -403 533
469 186826 -404 534
470 187931 -405 535
471 188400 -406 536
472 189555 -407 537
473 189979 -408 538
474 191117 -409 539
475 191518 -410 540
476 192648 -411 541
477 193152 -412 542
478 194289 -413 543
479 194747 -414 544
480 195877 -415 545
481 196386 -416 546
482 197573 -417 547
483 198040 -418 548
484 199214 -419 549
485 199632 -420 550
486 200789 -421 551
487 201284 -422 552
488 202424 -423 553
489 202830 -424 554
490 204009 -425 555
491 204391 -426 556
492 205596 -427 557
493 206044 -428 558
494 207280 -429 559
495 207708 -430 560
496 208961 -431 561
497 209420 -432 562
498 210578 -433 563
499 211053 -434 564
500 212217 -435 565
501 212750 -436 566
502 213866 -437 567
503 214483 -438 568
504 215604 -439 569
505 216233 -440 570
506 217305 -441 571
507 217989 -442 572
508 218941 -443 573
509 219690 -444 574
510 220580 -445 575
511 221383 -446 576
512 222285 -447 577
513 223101 -448 578
514 223975 -449 579
515 224822 -450 580
516 225738 -451 581
517 226612 -452 582
518 227422 -453 583
519 228320 -454 584
520 229204 -455 585
521 230084 -456 586
522 230961 -457 587
523 231824 -458 588
524 232689 -459 589
525 233544 -460 590
526 234488 -461 591
527 235352 -462 592
528 236282 -463 593
529 237073 -464 594
530 237995 -465 595
531 238843 -466 596
532 239736 -467 597
533 240672 -468 598
534 241565 -469 599
535 242470 -470 600
536 243318 -471 601
537 244212 -472 602
538 245063 -473 603
539 246029 -474 604
540 246795 -475 605
541 247904 -476 606
542 248607 -477 607
543 249771 -478 608
544 250432 -479 609
545 251634 -480 610
546 252223 -481 611
547 253504 -482 612
548 254042 -483 613
549 255326 -484 614
550 255817 -485 615
551 257158 -486 616
552 257663 -487 617
553 259087 -488 618
554 259552 -489 619
555 260907 -490 620
556 261338 -491 621
557 262735 -492 622
558 263162 -493 623
559 264499 -494 624
560 264916 -495 625
561 266275 -496 626
562 266756 -497 627
563 268218 -498 628
564 268725 -499 629
565 270157 -500 630
566 270685 -501 631
567 272104 -502 632
568 272590 -503 633
569 273968 -504 634
570 274485 -505 635
571 275929 -506 636
572 276409 -507 637
573 277861 -508 638
574 278338 -509 639
575 279778 -510 640
576 280261 -511 641
577 281656 -512 642
578 282204 -513 643
579 283563 -514 644
580 284096 -515 645
581 285503 -516 646
582 286037 -517 647
583 287570 -518 648
584 288051 -519 649
585 289546 -520 650
586 290220 -521 651
587 291936 -522 652
588 292686 -523 653
589 294337 -524 654
590 295050 -525 655
591 296701 -526 656
592 297418 -527 657
593 298883 -528 658
594 299404 -529 659
595 300828 -530 660
596 301412 -531 661
597 302828 -532 662
598 303454 -533 663
599 304845 -534 664
600 305388 -535 665
601 306809 -536 666
602 307400 -537 667
603 308882 -538 668
604 309417 -539 669
605 310875 -540 670
606 311382 -541 671
607 312829 -542 672
608 313466 -543 673
609 314920 -544 674
610 315495 -545 675
611 316940 -546 676
612 317580 -547 677
613 319096 -548 678
614 319684 -549 679
615 321181 -550 680
616 321707 -551 681
617 323182 -552 682
618 323804 -553 683
619 325253 -554 684
620 325763 -555 685
621 327260 -556 686
622 327739 -557 687
623 329267 -558 688
624 329829 -559 689
625 331398 -560 690
626 331933 -561 691
627 333522 -562 692
628 334097 -563 693
629 335561 -564 694
630 336157 -565 695
631 337628 -566 696
632 338299 -567 697
633 339708 -568 698
634 340484 -569 699
635 341898 -570 700
636 342690 -571 701
637 344042 -572 702
638 344902 -573 703
639 346100 -574 704
640 347040 -575 705
641 348159 -576 706
642 349166 -577 707
643 350298 -578 708
644 351321 -579 709
645 352419 -580 710
646 353480 -581 711
647 354630 -582 712
648 355726 -583 713
649 356742 -584 714
650 357866 -585 715
651 358973 -586 716
652 360074 -587 717
653 361171 -588 718
654 362250 -589 719
655 363331 -590 720
656 364399 -591 721
657 365578 -592 722
658 366656 -593 723
659 367817 -594 724
660 368803 -595 725
661 369953 -596 726
662 371009 -597 727
663 372123 -598 728
664 373288 -599 729
665 374400 -600 730
666 375526 -601 731
667 376582 -602 732
668 377694 -603 733
669 378754 -604 734
670 379955 -605 735
671 380907 -606 736
672 382283 -607 737
673 383156 -608 738
674 384600 -609 739
675 385421 -610 740
676 386911 -611 741
677 387642 -612 742
678 389228 -613 743
679 389896 -614 744
680 391484 -615 745
681 392095 -616 746
682 393752 -617 747
683 394381 -618 748
684 396138 -619 749
685 396717 -620 750
686 398389 -621 751
687 398925 -622 752
688 400648 -623 753
689 401179 -624 754
690 402826 -625 755
691 403346 -626 756
692 405018 -627 757
693 405616 -628 758
694 407413 -629 759
695 408041 -630 760
696 409799 -631 761
697 410455 -632 762
698 412195 -633 763
699 412799 -634 764
700 414489 -635 765
701 415130 -636 766
702 416900 -637 767
703 417494 -638 768
704 419273 -639 769
705 419863 -640 770
706 421627 -641 771
707 422226 -642 772
708 423932 -643 773
709 424611 -644 774
710 426272 -645 775
711 426932 -646 776
712 428652 -647 777
713 429312 -648 778
714 431184 -649 779
715 431777 -650 780
716 433602 -651 781
717 434427 -652 782
718 436524 -653 783
719 437442 -654 784
720 439460 -655 785
721 440331 -656 786
722 442348 -657 787
723 443223 -658 788
724 445016 -659 789
725 445647 -660 790
726 447389 -661 791
727 448096 -662 792
728 449827 -663 793
729 450583 -664 794
730 452283 -665 795
731 452938 -666 796
732 454675 -667 797
733 455388 -668 798
734 457197 -669 799
735 457843 -670 800
736 459621 -671 801
737 460234 -672 802
738 461998 -673 803
739 462768 -674 804
740 464539 -675 805
741 465231 -676 806
742 466991 -677 807
743 467762 -678 808
744 469607 -679 809
745 470316 -680 810
746 472136 -681 811
747 472770 -682 812
748 474563 -683 813
749 475312 -684 814
750 477070 -685 815
751 477684 -686 816
752 479499 -687 817
753 480075 -688 818
754 481926 -689 819
755 482602 -690 820
756 484504 -691 821
757 485146 -692 822
758 487071 -693 823
759 487762 -694 824
760 489532 -695 825
761 490249 -696 826
762 492027 -697 827
763 492836 -698 828
764 494538 -699 829
765 495473 -700 830
766 497180 -701 831
767 498135 -702 832
768 499767 -703 833
769 500803 -704 834
770 502247 -705 835
771 503378 -706 836
772 504726 -707 837
773 505937 -708 838
774 507299 -709 839
775 508529 -710 840
776 509851 -711 841
777 511126 -712 842
778 512510 -713 843
779 513828 -714 844
780 515050 -715 845
781 516400 -716 846
782 517730 -717 847
783 519052 -718 848
784 520369 -719 849
785 521664 -720 850
786 522961 -721 851
787 524242 -722 852
788 525656 -723 853
789 526948 -724 854
790 528340 -725 855
791 529521 -726 856
792 530899 -727 857
793 532163 -728 858
794 533498 -729 859
795 534892 -730 860
796 536223 -731 861
797 537570 -732 862
798 538834 -733 863
799 540164 -734 864
800 541433 -735 865
801 542869 -736 866
802 544007 -737 867
803 545650 -738 868
804 546693 -739 869
805 548417 -740 870
806 549398 -741 871
807 551176 -742 872
808 552049 -743 873
809 553940 -744 874
810 554738 -745 875
811 556630 -746 876
812 557361 -747 877
813 559334 -748 878
814 560087 -749 879
815 562177 -750 880
816 562870 -751 881
817 564859 -752 882
818 565500 -753 883
819 567549 -754 884
820 568184 -755 885
821 570141 -756 886
822 570764 -757 887
823 572749 -758 888
824 573464 -759 889
825 575596 -760 890
826 576345 -761 891
827 578429 -762 892
828 579213 -763 893
829 581274 -764 894
830 581996 -765 895
831 583998 -766 896
832 584763 -767 897
833 586859 -768 898
834 587567 -769 899
835 589673 -770 900
836 590376 -771 901
837 592464 -772 902
838 593179 -773 903
839 595196 -774 904
840 596006 -775 905
841 597969 -776 906
842 598756 -777 907
843 600789 -778 908
844 601575 -779 909
845 603786 -780 910
846 604491 -781 911
847 606646 -782 912
848 607622 -783 913
849 610100 -784 914
850 611186 -785 915
851 613571 -786 916
852 614600 -787 917
853 616983 -788 918
854 618016 -789 919
855 620137 -790 920
856 620878 -791 921
857 622938 -792 922
858 623768 -793 923
859 625814 -794 924
860 626700 -795 925
861 628709 -796 926
862 629476 -797 927
863 631529 -798 928
864 632364 -799 929
865 634500 -800 930
866 635257 -801 931
867 637355 -802 932
868 638074 -803 933
869 640155 -804 934
870 641058 -805 935
871 643146 -806 936
872 643955 -807 937
873 646030 -808 938
874 646932 -809 939
875 649106 -810 940
876 649936 -811 941
877 652079 -812 942
878 652821 -813 943
879 654932 -814 944
880 655808 -815 945
881 657875 -816 946
882 658593 -817 947
883 660726 -818 948
884 661399 -819 949
885 663573 -820 950
886 664363 -821 951
887 666598 -822 952
888 667347 -823 953
889 669608 -824 954
890 670415 -825 955
891 672491 -826 956
892 673329 -827 957
893 675414 -828 958
894 676361 -829 959
895 678356 -830 960
896 679450 -831 961
897 681450 -832 962
898 682568 -833 963
899 684480 -834 964
900 685692 -835 965
901 687382 -836 966
902 688704 -837 967
903 690281 -838 968
904 691696 -839 969
905 693288 -840 970
906 694725 -841 971
907 696271 -842 972
908 697760 -843 973
909 699378 -844 974
910 700918 -845 975
911 702346 -846 976
912 703922 -847 977
913 705475 -848 978
914 707018 -849 979
915 708555 -850 980
916 710066 -851 981
917 711579 -852 982
918 713073 -853 983
919 714722 -854 984
920 716228 -855 985
921 717851 -856 986
922 719227 -857 987
923 720833 -858 988
924 722305 -859 989
925 723861 -860 990
926 725484 -861 991
927 727034 -862 992
928 728602 -863 993
929 730074 -864 994
930 731622 -865 995
931 733100 -866 996
932 734771 -867 997
933 736095 -868 998
934 738005 -869 999
935 739218 -870 1000
936 741222 -871 1001
937 742363 -872 1002
938 744429 -873 1003
939 745444 -874 1004
940 747640 -875 1005
941 748568 -876 1006
942 750764 -877 1007
943 751615 -878 1008
944 753904 -879 1009
945 754781 -880 1010
946 757204 -881 1011
947 758011 -882 1012
948 760317 -883 1013
949 761063 -884 1014
950 763438 -885 1015
951 764177 -886 1016
952 766444 -887 1017
953 767170 -888 1018
954 769468 -889 1019
955 770300 -890 1020
956 772767 -891 1021
957 773637 -892 1022
958 776047 -893 1023
959 776959 -894 1024
960 779341 -895 1025
961 780181 -896 1026
962 782495 -897 1027
963 783384 -898 1028
964 785806 -899 1029
965 786628 -900 1030
966 789061 -901 1031
967 789877 -902 1032
968 792289 -903 1033
969 793120 -904 1034
970 795448 -905 1035
971 796389 -906 1036
972 798654 -907 1037
973 799568 -908 1038
974 801914 -909 1039
975 802826 -910 1040
976 805376 -911 1041
977 806193 -912 1042
978 808678 -913 1043
979 809805 -914 1044
980 812664 -915 1045
981 813918 -916 1046
982 816670 -917 1047
983 817857 -918 1048
984 820606 -919 1049
985 821797 -920 1050
986 824246 -921 1051
987 825097 -922 1052
988 827475 -923 1053
989 828428 -924 1054
990 830789 -925 1055
991 831805 -926 1056
992 834123 -927 1057
993 835002 -928 1058
994 837371 -929 1059
995 838328 -930 1060
996 840791 -931 1061
997 841659 -932 1062
998 844077 -933 1063
999 844902 -934 1064
{O=847300}
